STRUCTURE,STRUCTURE_ID,STRUCTURE_NAME,ACTION,REF_AREA,Reference area,FREQ,Frequency of observation,MEASURE,Measure,UNIT_MEASURE,Unit of measure,ACTIVITY,Economic activity,ADJUSTMENT,Adjustment,TRANSFORMATION,Transformation,TIME_HORIZ,Time horizon,METHODOLOGY,Calculation methodology,TIME_PERIOD,Time period,OBS_VALUE,Observation value,OBS_STATUS,Observation status,UNIT_MULT,Unit multiplier,DECIMALS,Decimals,BASE_PER,Base period
DATAFLOW,OECD.SDD.STES:DSD_STES@DF_CLI(4.1),Composite leading indicators,I,NZL,New Zealand,M,Monthly,CCICP,Composite consumer confidence,IX,Index,_Z,Not applicable,AA,Amplitude adjusted,IX,Index,_Z,Not applicable,H,OECD harmonised,1993-08,,101.7154,,A,Normal value,0,Units,2,Two,,
DATAFLOW,OECD.SDD.STES:DSD_STES@DF_CLI(4.1),Composite leading indicators,I,NZL,New Zealand,M,Monthly,CCICP,Composite consumer confidence,IX,Index,_Z,Not applicable,AA,Amplitude adjusted,IX,Index,_Z,Not applicable,H,OECD harmonised,1993-09,,101.8877,,A,Normal value,0,Units,2,Two,,
DATAFLOW,OECD.SDD.STES:DSD_STES@DF_CLI(4.1),Composite leading indicators,I,NZL,New Zealand,M,Monthly,CCICP,Composite consumer confidence,IX,Index,_Z,Not applicable,AA,Amplitude adjusted,IX,Index,_Z,Not applicable,H,OECD harmonised,2020-10,,98.94785,,A,Normal value,0,Units,2,Two,,
DATAFLOW,OECD.SDD.STES:DSD_STES@DF_CLI(4.1),Composite leading indicators,I,NZL,New Zealand,M,Monthly,CCICP,Composite consumer confidence,IX,Index,_Z,Not applicable,AA,Amplitude adjusted,IX,Index,_Z,Not applicable,H,OECD harmonised,2020-11,,99.30006,,A,Normal value,0,Units,2,Two,,
DATAFLOW,OECD.SDD.STES:DSD_STES@DF_CLI(4.1),Composite leading indicators,I,NZL,New Zealand,M,Monthly,CCICP,Composite consumer confidence,IX,Index,_Z,Not applicable,AA,Amplitude adjusted,IX,Index,_Z,Not applicable,H,OECD harmonised,2013-05,,100.7277,,A,Normal value,0,Units,2,Two,,
DATAFLOW,OECD.SDD.STES:DSD_STES@DF_CLI(4.1),Composite leading indicators,I,NZL,New Zealand,M,Monthly,CCICP,Composite consumer confidence,IX,Index,_Z,Not applicable,AA,Amplitude adjusted,IX,Index,_Z,Not applicable,H,OECD harmonised,1993-01,,100.1359,,A,Normal value,0,Units,2,Two,,
DATAFLOW,OECD.SDD.STES:DSD_STES@DF_CLI(4.1),Composite leading indicators,I,NZL,New Zealand,M,Monthly,CCICP,Composite consumer confidence,IX,Index,_Z,Not applicable,AA,Amplitude adjusted,IX,Index,_Z,Not applicable,H,OECD harmonised,1993-02,,100.1938,,A,Normal value,0,Units,2,Two,,
DATAFLOW,OECD.SDD.STES:DSD_STES@DF_CLI(4.1),Composite leading indicators,I,NZL,New Zealand,M,Monthly,CCICP,Composite consumer confidence,IX,Index,_Z,Not applicable,AA,Amplitude adjusted,IX,Index,_Z,Not applicable,H,OECD harmonised,1990-08,,98.86673,,A,Normal value,0,Units,2,Two,,
DATAFLOW,OECD.SDD.STES:DSD_STES@DF_CLI(4.1),Composite leading indicators,I,NZL,New Zealand,M,Monthly,CCICP,Composite consumer confidence,IX,Index,_Z,Not applicable,AA,Amplitude adjusted,IX,Index,_Z,Not applicable,H,OECD harmonised,1990-09,,98.55422,,A,Normal value,0,Units,2,Two,,
DATAFLOW,OECD.SDD.STES:DSD_STES@DF_CLI(4.1),Composite leading indicators,I,NZL,New Zealand,M,Monthly,CCICP,Composite consumer confidence,IX,Index,_Z,Not applicable,AA,Amplitude adjusted,IX,Index,_Z,Not applicable,H,OECD harmonised,1990-10,,98.07536,,A,Normal value,0,Units,2,Two,,
DATAFLOW,OECD.SDD.STES:DSD_STES@DF_CLI(4.1),Composite leading indicators,I,NZL,New Zealand,M,Monthly,CCICP,Composite consumer confidence,IX,Index,_Z,Not applicable,AA,Amplitude adjusted,IX,Index,_Z,Not applicable,H,OECD harmonised,1990-11,,97.53667,,A,Normal value,0,Units,2,Two,,
DATAFLOW,OECD.SDD.STES:DSD_STES@DF_CLI(4.1),Composite leading indicators,I,NZL,New Zealand,M,Monthly,CCICP,Composite consumer confidence,IX,Index,_Z,Not applicable,AA,Amplitude adjusted,IX,Index,_Z,Not applicable,H,OECD harmonised,1990-12,,97.0786,,A,Normal value,0,Units,2,Two,,
DATAFLOW,OECD.SDD.STES:DSD_STES@DF_CLI(4.1),Composite leading indicators,I,NZL,New Zealand,M,Monthly,CCICP,Composite consumer confidence,IX,Index,_Z,Not applicable,AA,Amplitude adjusted,IX,Index,_Z,Not applicable,H,OECD harmonised,1988-06,,98.1031,,A,Normal value,0,Units,2,Two,,
DATAFLOW,OECD.SDD.STES:DSD_STES@DF_CLI(4.1),Composite leading indicators,I,NZL,New Zealand,M,Monthly,CCICP,Composite consumer confidence,IX,Index,_Z,Not applicable,AA,Amplitude adjusted,IX,Index,_Z,Not applicable,H,OECD harmonised,1988-07,,98.34158,,A,Normal value,0,Units,2,Two,,
DATAFLOW,OECD.SDD.STES:DSD_STES@DF_CLI(4.1),Composite leading indicators,I,NZL,New Zealand,M,Monthly,CCICP,Composite consumer confidence,IX,Index,_Z,Not applicable,AA,Amplitude adjusted,IX,Index,_Z,Not applicable,H,OECD harmonised,1988-08,,98.55957,,A,Normal value,0,Units,2,Two,,
DATAFLOW,OECD.SDD.STES:DSD_STES@DF_CLI(4.1),Composite leading indicators,I,NZL,New Zealand,M,Monthly,CCICP,Composite consumer confidence,IX,Index,_Z,Not applicable,AA,Amplitude adjusted,IX,Index,_Z,Not applicable,H,OECD harmonised,1988-09,,98.71812,,A,Normal value,0,Units,2,Two,,
DATAFLOW,OECD.SDD.STES:DSD_STES@DF_CLI(4.1),Composite leading indicators,I,NZL,New Zealand,M,Monthly,CCICP,Composite consumer confidence,IX,Index,_Z,Not applicable,AA,Amplitude adjusted,IX,Index,_Z,Not applicable,H,OECD harmonised,2025-09,,98.09921,,A,Normal value,0,Units,2,Two,,
DATAFLOW,OECD.SDD.STES:DSD_STES@DF_CLI(4.1),Composite leading indicators,I,NZL,New Zealand,M,Monthly,CCICP,Composite consumer confidence,IX,Index,_Z,Not applicable,AA,Amplitude adjusted,IX,Index,_Z,Not applicable,H,OECD harmonised,2025-10,,98.24187,,A,Normal value,0,Units,2,Two,,
DATAFLOW,OECD.SDD.STES:DSD_STES@DF_CLI(4.1),Composite leading indicators,I,NZL,New Zealand,M,Monthly,CCICP,Composite consumer confidence,IX,Index,_Z,Not applicable,AA,Amplitude adjusted,IX,Index,_Z,Not applicable,H,OECD harmonised,2025-11,,98.4365,,A,Normal value,0,Units,2,Two,,
DATAFLOW,OECD.SDD.STES:DSD_STES@DF_CLI(4.1),Composite leading indicators,I,NZL,New Zealand,M,Monthly,CCICP,Composite consumer confidence,IX,Index,_Z,Not applicable,AA,Amplitude adjusted,IX,Index,_Z,Not applicable,H,OECD harmonised,1994-02,,102.129,,A,Normal value,0,Units,2,Two,,
DATAFLOW,OECD.SDD.STES:DSD_STES@DF_CLI(4.1),Composite leading indicators,I,NZL,New Zealand,M,Monthly,CCICP,Composite consumer confidence,IX,Index,_Z,Not applicable,AA,Amplitude adjusted,IX,Index,_Z,Not applicable,H,OECD harmonised,1994-03,,102.2638,,A,Normal value,0,Units,2,Two,,
DATAFLOW,OECD.SDD.STES:DSD_STES@DF_CLI(4.1),Composite leading indicators,I,NZL,New Zealand,M,Monthly,CCICP,Composite consumer confidence,IX,Index,_Z,Not applicable,AA,Amplitude adjusted,IX,Index,_Z,Not applicable,H,OECD harmonised,1994-04,,102.3934,,A,Normal value,0,Units,2,Two,,
DATAFLOW,OECD.SDD.STES:DSD_STES@DF_CLI(4.1),Composite leading indicators,I,NZL,New Zealand,M,Monthly,CCICP,Composite consumer confidence,IX,Index,_Z,Not applicable,AA,Amplitude adjusted,IX,Index,_Z,Not applicable,H,OECD harmonised,1994-05,,102.4936,,A,Normal value,0,Units,2,Two,,
DATAFLOW,OECD.SDD.STES:DSD_STES@DF_CLI(4.1),Composite leading indicators,I,NZL,New Zealand,M,Monthly,CCICP,Composite consumer confidence,IX,Index,_Z,Not applicable,AA,Amplitude adjusted,IX,Index,_Z,Not applicable,H,OECD harmonised,1994-06,,102.5239,,A,Normal value,0,Units,2,Two,,
DATAFLOW,OECD.SDD.STES:DSD_STES@DF_CLI(4.1),Composite leading indicators,I,NZL,New Zealand,M,Monthly,CCICP,Composite consumer confidence,IX,Index,_Z,Not applicable,AA,Amplitude adjusted,IX,Index,_Z,Not applicable,H,OECD harmonised,1994-07,,102.4419,,A,Normal value,0,Units,2,Two,,
DATAFLOW,OECD.SDD.STES:DSD_STES@DF_CLI(4.1),Composite leading indicators,I,NZL,New Zealand,M,Monthly,CCICP,Composite consumer confidence,IX,Index,_Z,Not applicable,AA,Amplitude adjusted,IX,Index,_Z,Not applicable,H,OECD harmonised,1994-08,,102.2881,,A,Normal value,0,Units,2,Two,,
DATAFLOW,OECD.SDD.STES:DSD_STES@DF_CLI(4.1),Composite leading indicators,I,NZL,New Zealand,M,Monthly,CCICP,Composite consumer confidence,IX,Index,_Z,Not applicable,AA,Amplitude adjusted,IX,Index,_Z,Not applicable,H,OECD harmonised,1994-09,,102.0989,,A,Normal value,0,Units,2,Two,,
DATAFLOW,OECD.SDD.STES:DSD_STES@DF_CLI(4.1),Composite leading indicators,I,NZL,New Zealand,M,Monthly,CCICP,Composite consumer confidence,IX,Index,_Z,Not applicable,AA,Amplitude adjusted,IX,Index,_Z,Not applicable,H,OECD harmonised,1994-10,,101.8934,,A,Normal value,0,Units,2,Two,,
DATAFLOW,OECD.SDD.STES:DSD_STES@DF_CLI(4.1),Composite leading indicators,I,NZL,New Zealand,M,Monthly,CCICP,Composite consumer confidence,IX,Index,_Z,Not applicable,AA,Amplitude adjusted,IX,Index,_Z,Not applicable,H,OECD harmonised,1994-11,,101.694,,A,Normal value,0,Units,2,Two,,
DATAFLOW,OECD.SDD.STES:DSD_STES@DF_CLI(4.1),Composite leading indicators,I,NZL,New Zealand,M,Monthly,CCICP,Composite consumer confidence,IX,Index,_Z,Not applicable,AA,Amplitude adjusted,IX,Index,_Z,Not applicable,H,OECD harmonised,1994-12,,101.5299,,A,Normal value,0,Units,2,Two,,
DATAFLOW,OECD.SDD.STES:DSD_STES@DF_CLI(4.1),Composite leading indicators,I,NZL,New Zealand,M,Monthly,CCICP,Composite consumer confidence,IX,Index,_Z,Not applicable,AA,Amplitude adjusted,IX,Index,_Z,Not applicable,H,OECD harmonised,1995-01,,101.4339,,A,Normal value,0,Units,2,Two,,
DATAFLOW,OECD.SDD.STES:DSD_STES@DF_CLI(4.1),Composite leading indicators,I,NZL,New Zealand,M,Monthly,CCICP,Composite consumer confidence,IX,Index,_Z,Not applicable,AA,Amplitude adjusted,IX,Index,_Z,Not applicable,H,OECD harmonised,1989-03,,99.15793,,A,Normal value,0,Units,2,Two,,
DATAFLOW,OECD.SDD.STES:DSD_STES@DF_CLI(4.1),Composite leading indicators,I,NZL,New Zealand,M,Monthly,CCICP,Composite consumer confidence,IX,Index,_Z,Not applicable,AA,Amplitude adjusted,IX,Index,_Z,Not applicable,H,OECD harmonised,1989-04,,99.20963,,A,Normal value,0,Units,2,Two,,
DATAFLOW,OECD.SDD.STES:DSD_STES@DF_CLI(4.1),Composite leading indicators,I,NZL,New Zealand,M,Monthly,CCICP,Composite consumer confidence,IX,Index,_Z,Not applicable,AA,Amplitude adjusted,IX,Index,_Z,Not applicable,H,OECD harmonised,1989-05,,99.27273,,A,Normal value,0,Units,2,Two,,
DATAFLOW,OECD.SDD.STES:DSD_STES@DF_CLI(4.1),Composite leading indicators,I,NZL,New Zealand,M,Monthly,CCICP,Composite consumer confidence,IX,Index,_Z,Not applicable,AA,Amplitude adjusted,IX,Index,_Z,Not applicable,H,OECD harmonised,1989-06,,99.4346,,A,Normal value,0,Units,2,Two,,
DATAFLOW,OECD.SDD.STES:DSD_STES@DF_CLI(4.1),Composite leading indicators,I,NZL,New Zealand,M,Monthly,CCICP,Composite consumer confidence,IX,Index,_Z,Not applicable,AA,Amplitude adjusted,IX,Index,_Z,Not applicable,H,OECD harmonised,1989-07,,99.74921,,A,Normal value,0,Units,2,Two,,
DATAFLOW,OECD.SDD.STES:DSD_STES@DF_CLI(4.1),Composite leading indicators,I,NZL,New Zealand,M,Monthly,CCICP,Composite consumer confidence,IX,Index,_Z,Not applicable,AA,Amplitude adjusted,IX,Index,_Z,Not applicable,H,OECD harmonised,1989-08,,100.0753,,A,Normal value,0,Units,2,Two,,
DATAFLOW,OECD.SDD.STES:DSD_STES@DF_CLI(4.1),Composite leading indicators,I,NZL,New Zealand,M,Monthly,CCICP,Composite consumer confidence,IX,Index,_Z,Not applicable,AA,Amplitude adjusted,IX,Index,_Z,Not applicable,H,OECD harmonised,1989-09,,100.2005,,A,Normal value,0,Units,2,Two,,
DATAFLOW,OECD.SDD.STES:DSD_STES@DF_CLI(4.1),Composite leading indicators,I,NZL,New Zealand,M,Monthly,CCICP,Composite consumer confidence,IX,Index,_Z,Not applicable,AA,Amplitude adjusted,IX,Index,_Z,Not applicable,H,OECD harmonised,1989-10,,99.9549,,A,Normal value,0,Units,2,Two,,
DATAFLOW,OECD.SDD.STES:DSD_STES@DF_CLI(4.1),Composite leading indicators,I,NZL,New Zealand,M,Monthly,CCICP,Composite consumer confidence,IX,Index,_Z,Not applicable,AA,Amplitude adjusted,IX,Index,_Z,Not applicable,H,OECD harmonised,1989-11,,99.52399,,A,Normal value,0,Units,2,Two,,
DATAFLOW,OECD.SDD.STES:DSD_STES@DF_CLI(4.1),Composite leading indicators,I,NZL,New Zealand,M,Monthly,CCICP,Composite consumer confidence,IX,Index,_Z,Not applicable,AA,Amplitude adjusted,IX,Index,_Z,Not applicable,H,OECD harmonised,1989-12,,99.14524,,A,Normal value,0,Units,2,Two,,
DATAFLOW,OECD.SDD.STES:DSD_STES@DF_CLI(4.1),Composite leading indicators,I,NZL,New Zealand,M,Monthly,CCICP,Composite consumer confidence,IX,Index,_Z,Not applicable,AA,Amplitude adjusted,IX,Index,_Z,Not applicable,H,OECD harmonised,2013-06,,100.8626,,A,Normal value,0,Units,2,Two,,
DATAFLOW,OECD.SDD.STES:DSD_STES@DF_CLI(4.1),Composite leading indicators,I,NZL,New Zealand,M,Monthly,CCICP,Composite consumer confidence,IX,Index,_Z,Not applicable,AA,Amplitude adjusted,IX,Index,_Z,Not applicable,H,OECD harmonised,2013-07,,100.9016,,A,Normal value,0,Units,2,Two,,
DATAFLOW,OECD.SDD.STES:DSD_STES@DF_CLI(4.1),Composite leading indicators,I,NZL,New Zealand,M,Monthly,CCICP,Composite consumer confidence,IX,Index,_Z,Not applicable,AA,Amplitude adjusted,IX,Index,_Z,Not applicable,H,OECD harmonised,2013-08,,100.8965,,A,Normal value,0,Units,2,Two,,
DATAFLOW,OECD.SDD.STES:DSD_STES@DF_CLI(4.1),Composite leading indicators,I,NZL,New Zealand,M,Monthly,CCICP,Composite consumer confidence,IX,Index,_Z,Not applicable,AA,Amplitude adjusted,IX,Index,_Z,Not applicable,H,OECD harmonised,2013-09,,100.92,,A,Normal value,0,Units,2,Two,,
DATAFLOW,OECD.SDD.STES:DSD_STES@DF_CLI(4.1),Composite leading indicators,I,NZL,New Zealand,M,Monthly,CCICP,Composite consumer confidence,IX,Index,_Z,Not applicable,AA,Amplitude adjusted,IX,Index,_Z,Not applicable,H,OECD harmonised,2001-07,,100.9677,,A,Normal value,0,Units,2,Two,,
DATAFLOW,OECD.SDD.STES:DSD_STES@DF_CLI(4.1),Composite leading indicators,I,NZL,New Zealand,M,Monthly,CCICP,Composite consumer confidence,IX,Index,_Z,Not applicable,AA,Amplitude adjusted,IX,Index,_Z,Not applicable,H,OECD harmonised,2001-08,,100.9162,,A,Normal value,0,Units,2,Two,,
DATAFLOW,OECD.SDD.STES:DSD_STES@DF_CLI(4.1),Composite leading indicators,I,NZL,New Zealand,M,Monthly,CCICP,Composite consumer confidence,IX,Index,_Z,Not applicable,AA,Amplitude adjusted,IX,Index,_Z,Not applicable,H,OECD harmonised,2001-09,,100.9194,,A,Normal value,0,Units,2,Two,,
DATAFLOW,OECD.SDD.STES:DSD_STES@DF_CLI(4.1),Composite leading indicators,I,NZL,New Zealand,M,Monthly,CCICP,Composite consumer confidence,IX,Index,_Z,Not applicable,AA,Amplitude adjusted,IX,Index,_Z,Not applicable,H,OECD harmonised,2001-10,,100.987,,A,Normal value,0,Units,2,Two,,
DATAFLOW,OECD.SDD.STES:DSD_STES@DF_CLI(4.1),Composite leading indicators,I,NZL,New Zealand,M,Monthly,CCICP,Composite consumer confidence,IX,Index,_Z,Not applicable,AA,Amplitude adjusted,IX,Index,_Z,Not applicable,H,OECD harmonised,2001-11,,101.0864,,A,Normal value,0,Units,2,Two,,
DATAFLOW,OECD.SDD.STES:DSD_STES@DF_CLI(4.1),Composite leading indicators,I,NZL,New Zealand,M,Monthly,CCICP,Composite consumer confidence,IX,Index,_Z,Not applicable,AA,Amplitude adjusted,IX,Index,_Z,Not applicable,H,OECD harmonised,2001-12,,101.1859,,A,Normal value,0,Units,2,Two,,
DATAFLOW,OECD.SDD.STES:DSD_STES@DF_CLI(4.1),Composite leading indicators,I,NZL,New Zealand,M,Monthly,CCICP,Composite consumer confidence,IX,Index,_Z,Not applicable,AA,Amplitude adjusted,IX,Index,_Z,Not applicable,H,OECD harmonised,2002-01,,101.2656,,A,Normal value,0,Units,2,Two,,
DATAFLOW,OECD.SDD.STES:DSD_STES@DF_CLI(4.1),Composite leading indicators,I,NZL,New Zealand,M,Monthly,CCICP,Composite consumer confidence,IX,Index,_Z,Not applicable,AA,Amplitude adjusted,IX,Index,_Z,Not applicable,H,OECD harmonised,2002-02,,101.329,,A,Normal value,0,Units,2,Two,,
DATAFLOW,OECD.SDD.STES:DSD_STES@DF_CLI(4.1),Composite leading indicators,I,NZL,New Zealand,M,Monthly,CCICP,Composite consumer confidence,IX,Index,_Z,Not applicable,AA,Amplitude adjusted,IX,Index,_Z,Not applicable,H,OECD harmonised,2002-03,,101.3804,,A,Normal value,0,Units,2,Two,,
DATAFLOW,OECD.SDD.STES:DSD_STES@DF_CLI(4.1),Composite leading indicators,I,NZL,New Zealand,M,Monthly,CCICP,Composite consumer confidence,IX,Index,_Z,Not applicable,AA,Amplitude adjusted,IX,Index,_Z,Not applicable,H,OECD harmonised,2002-04,,101.4186,,A,Normal value,0,Units,2,Two,,
DATAFLOW,OECD.SDD.STES:DSD_STES@DF_CLI(4.1),Composite leading indicators,I,NZL,New Zealand,M,Monthly,CCICP,Composite consumer confidence,IX,Index,_Z,Not applicable,AA,Amplitude adjusted,IX,Index,_Z,Not applicable,H,OECD harmonised,2002-05,,101.443,,A,Normal value,0,Units,2,Two,,
DATAFLOW,OECD.SDD.STES:DSD_STES@DF_CLI(4.1),Composite leading indicators,I,NZL,New Zealand,M,Monthly,CCICP,Composite consumer confidence,IX,Index,_Z,Not applicable,AA,Amplitude adjusted,IX,Index,_Z,Not applicable,H,OECD harmonised,2002-06,,101.4459,,A,Normal value,0,Units,2,Two,,
DATAFLOW,OECD.SDD.STES:DSD_STES@DF_CLI(4.1),Composite leading indicators,I,NZL,New Zealand,M,Monthly,CCICP,Composite consumer confidence,IX,Index,_Z,Not applicable,AA,Amplitude adjusted,IX,Index,_Z,Not applicable,H,OECD harmonised,2002-07,,101.4187,,A,Normal value,0,Units,2,Two,,
DATAFLOW,OECD.SDD.STES:DSD_STES@DF_CLI(4.1),Composite leading indicators,I,NZL,New Zealand,M,Monthly,CCICP,Composite consumer confidence,IX,Index,_Z,Not applicable,AA,Amplitude adjusted,IX,Index,_Z,Not applicable,H,OECD harmonised,2002-08,,101.3792,,A,Normal value,0,Units,2,Two,,
DATAFLOW,OECD.SDD.STES:DSD_STES@DF_CLI(4.1),Composite leading indicators,I,NZL,New Zealand,M,Monthly,CCICP,Composite consumer confidence,IX,Index,_Z,Not applicable,AA,Amplitude adjusted,IX,Index,_Z,Not applicable,H,OECD harmonised,2002-09,,101.3457,,A,Normal value,0,Units,2,Two,,
DATAFLOW,OECD.SDD.STES:DSD_STES@DF_CLI(4.1),Composite leading indicators,I,NZL,New Zealand,M,Monthly,CCICP,Composite consumer confidence,IX,Index,_Z,Not applicable,AA,Amplitude adjusted,IX,Index,_Z,Not applicable,H,OECD harmonised,2002-10,,101.323,,A,Normal value,0,Units,2,Two,,
DATAFLOW,OECD.SDD.STES:DSD_STES@DF_CLI(4.1),Composite leading indicators,I,NZL,New Zealand,M,Monthly,CCICP,Composite consumer confidence,IX,Index,_Z,Not applicable,AA,Amplitude adjusted,IX,Index,_Z,Not applicable,H,OECD harmonised,2002-11,,101.2823,,A,Normal value,0,Units,2,Two,,
DATAFLOW,OECD.SDD.STES:DSD_STES@DF_CLI(4.1),Composite leading indicators,I,NZL,New Zealand,M,Monthly,CCICP,Composite consumer confidence,IX,Index,_Z,Not applicable,AA,Amplitude adjusted,IX,Index,_Z,Not applicable,H,OECD harmonised,2002-12,,101.1763,,A,Normal value,0,Units,2,Two,,
DATAFLOW,OECD.SDD.STES:DSD_STES@DF_CLI(4.1),Composite leading indicators,I,NZL,New Zealand,M,Monthly,CCICP,Composite consumer confidence,IX,Index,_Z,Not applicable,AA,Amplitude adjusted,IX,Index,_Z,Not applicable,H,OECD harmonised,2003-01,,100.9724,,A,Normal value,0,Units,2,Two,,
DATAFLOW,OECD.SDD.STES:DSD_STES@DF_CLI(4.1),Composite leading indicators,I,NZL,New Zealand,M,Monthly,CCICP,Composite consumer confidence,IX,Index,_Z,Not applicable,AA,Amplitude adjusted,IX,Index,_Z,Not applicable,H,OECD harmonised,2003-02,,100.7511,,A,Normal value,0,Units,2,Two,,
DATAFLOW,OECD.SDD.STES:DSD_STES@DF_CLI(4.1),Composite leading indicators,I,NZL,New Zealand,M,Monthly,CCICP,Composite consumer confidence,IX,Index,_Z,Not applicable,AA,Amplitude adjusted,IX,Index,_Z,Not applicable,H,OECD harmonised,2003-03,,100.6309,,A,Normal value,0,Units,2,Two,,
DATAFLOW,OECD.SDD.STES:DSD_STES@DF_CLI(4.1),Composite leading indicators,I,NZL,New Zealand,M,Monthly,CCICP,Composite consumer confidence,IX,Index,_Z,Not applicable,AA,Amplitude adjusted,IX,Index,_Z,Not applicable,H,OECD harmonised,2003-04,,100.7115,,A,Normal value,0,Units,2,Two,,
DATAFLOW,OECD.SDD.STES:DSD_STES@DF_CLI(4.1),Composite leading indicators,I,NZL,New Zealand,M,Monthly,CCICP,Composite consumer confidence,IX,Index,_Z,Not applicable,AA,Amplitude adjusted,IX,Index,_Z,Not applicable,H,OECD harmonised,2003-05,,100.9146,,A,Normal value,0,Units,2,Two,,
DATAFLOW,OECD.SDD.STES:DSD_STES@DF_CLI(4.1),Composite leading indicators,I,NZL,New Zealand,M,Monthly,CCICP,Composite consumer confidence,IX,Index,_Z,Not applicable,AA,Amplitude adjusted,IX,Index,_Z,Not applicable,H,OECD harmonised,2003-06,,101.1521,,A,Normal value,0,Units,2,Two,,
DATAFLOW,OECD.SDD.STES:DSD_STES@DF_CLI(4.1),Composite leading indicators,I,NZL,New Zealand,M,Monthly,CCICP,Composite consumer confidence,IX,Index,_Z,Not applicable,AA,Amplitude adjusted,IX,Index,_Z,Not applicable,H,OECD harmonised,1991-01,,96.82259,,A,Normal value,0,Units,2,Two,,
DATAFLOW,OECD.SDD.STES:DSD_STES@DF_CLI(4.1),Composite leading indicators,I,NZL,New Zealand,M,Monthly,CCICP,Composite consumer confidence,IX,Index,_Z,Not applicable,AA,Amplitude adjusted,IX,Index,_Z,Not applicable,H,OECD harmonised,1991-02,,96.73743,,A,Normal value,0,Units,2,Two,,
DATAFLOW,OECD.SDD.STES:DSD_STES@DF_CLI(4.1),Composite leading indicators,I,NZL,New Zealand,M,Monthly,CCICP,Composite consumer confidence,IX,Index,_Z,Not applicable,AA,Amplitude adjusted,IX,Index,_Z,Not applicable,H,OECD harmonised,1991-03,,96.81123,,A,Normal value,0,Units,2,Two,,
DATAFLOW,OECD.SDD.STES:DSD_STES@DF_CLI(4.1),Composite leading indicators,I,NZL,New Zealand,M,Monthly,CCICP,Composite consumer confidence,IX,Index,_Z,Not applicable,AA,Amplitude adjusted,IX,Index,_Z,Not applicable,H,OECD harmonised,1991-04,,97.05264,,A,Normal value,0,Units,2,Two,,
DATAFLOW,OECD.SDD.STES:DSD_STES@DF_CLI(4.1),Composite leading indicators,I,NZL,New Zealand,M,Monthly,CCICP,Composite consumer confidence,IX,Index,_Z,Not applicable,AA,Amplitude adjusted,IX,Index,_Z,Not applicable,H,OECD harmonised,1991-05,,97.33304,,A,Normal value,0,Units,2,Two,,
DATAFLOW,OECD.SDD.STES:DSD_STES@DF_CLI(4.1),Composite leading indicators,I,NZL,New Zealand,M,Monthly,CCICP,Composite consumer confidence,IX,Index,_Z,Not applicable,AA,Amplitude adjusted,IX,Index,_Z,Not applicable,H,OECD harmonised,1991-06,,97.49639,,A,Normal value,0,Units,2,Two,,
DATAFLOW,OECD.SDD.STES:DSD_STES@DF_CLI(4.1),Composite leading indicators,I,NZL,New Zealand,M,Monthly,CCICP,Composite consumer confidence,IX,Index,_Z,Not applicable,AA,Amplitude adjusted,IX,Index,_Z,Not applicable,H,OECD harmonised,1991-07,,97.42996,,A,Normal value,0,Units,2,Two,,
DATAFLOW,OECD.SDD.STES:DSD_STES@DF_CLI(4.1),Composite leading indicators,I,NZL,New Zealand,M,Monthly,CCICP,Composite consumer confidence,IX,Index,_Z,Not applicable,AA,Amplitude adjusted,IX,Index,_Z,Not applicable,H,OECD harmonised,1991-08,,97.25225,,A,Normal value,0,Units,2,Two,,
DATAFLOW,OECD.SDD.STES:DSD_STES@DF_CLI(4.1),Composite leading indicators,I,NZL,New Zealand,M,Monthly,CCICP,Composite consumer confidence,IX,Index,_Z,Not applicable,AA,Amplitude adjusted,IX,Index,_Z,Not applicable,H,OECD harmonised,1991-09,,97.12742,,A,Normal value,0,Units,2,Two,,
DATAFLOW,OECD.SDD.STES:DSD_STES@DF_CLI(4.1),Composite leading indicators,I,NZL,New Zealand,M,Monthly,CCICP,Composite consumer confidence,IX,Index,_Z,Not applicable,AA,Amplitude adjusted,IX,Index,_Z,Not applicable,H,OECD harmonised,1991-10,,97.19109,,A,Normal value,0,Units,2,Two,,
DATAFLOW,OECD.SDD.STES:DSD_STES@DF_CLI(4.1),Composite leading indicators,I,NZL,New Zealand,M,Monthly,CCICP,Composite consumer confidence,IX,Index,_Z,Not applicable,AA,Amplitude adjusted,IX,Index,_Z,Not applicable,H,OECD harmonised,1991-11,,97.42316,,A,Normal value,0,Units,2,Two,,
DATAFLOW,OECD.SDD.STES:DSD_STES@DF_CLI(4.1),Composite leading indicators,I,NZL,New Zealand,M,Monthly,CCICP,Composite consumer confidence,IX,Index,_Z,Not applicable,AA,Amplitude adjusted,IX,Index,_Z,Not applicable,H,OECD harmonised,1991-12,,97.81708,,A,Normal value,0,Units,2,Two,,
DATAFLOW,OECD.SDD.STES:DSD_STES@DF_CLI(4.1),Composite leading indicators,I,NZL,New Zealand,M,Monthly,CCICP,Composite consumer confidence,IX,Index,_Z,Not applicable,AA,Amplitude adjusted,IX,Index,_Z,Not applicable,H,OECD harmonised,1992-01,,98.38058,,A,Normal value,0,Units,2,Two,,
DATAFLOW,OECD.SDD.STES:DSD_STES@DF_CLI(4.1),Composite leading indicators,I,NZL,New Zealand,M,Monthly,CCICP,Composite consumer confidence,IX,Index,_Z,Not applicable,AA,Amplitude adjusted,IX,Index,_Z,Not applicable,H,OECD harmonised,1992-02,,98.97467,,A,Normal value,0,Units,2,Two,,
DATAFLOW,OECD.SDD.STES:DSD_STES@DF_CLI(4.1),Composite leading indicators,I,NZL,New Zealand,M,Monthly,CCICP,Composite consumer confidence,IX,Index,_Z,Not applicable,AA,Amplitude adjusted,IX,Index,_Z,Not applicable,H,OECD harmonised,1992-03,,99.42198,,A,Normal value,0,Units,2,Two,,
DATAFLOW,OECD.SDD.STES:DSD_STES@DF_CLI(4.1),Composite leading indicators,I,NZL,New Zealand,M,Monthly,CCICP,Composite consumer confidence,IX,Index,_Z,Not applicable,AA,Amplitude adjusted,IX,Index,_Z,Not applicable,H,OECD harmonised,1992-04,,99.58456,,A,Normal value,0,Units,2,Two,,
DATAFLOW,OECD.SDD.STES:DSD_STES@DF_CLI(4.1),Composite leading indicators,I,NZL,New Zealand,M,Monthly,CCICP,Composite consumer confidence,IX,Index,_Z,Not applicable,AA,Amplitude adjusted,IX,Index,_Z,Not applicable,H,OECD harmonised,1992-05,,99.58842,,A,Normal value,0,Units,2,Two,,
DATAFLOW,OECD.SDD.STES:DSD_STES@DF_CLI(4.1),Composite leading indicators,I,NZL,New Zealand,M,Monthly,CCICP,Composite consumer confidence,IX,Index,_Z,Not applicable,AA,Amplitude adjusted,IX,Index,_Z,Not applicable,H,OECD harmonised,1992-06,,99.58463,,A,Normal value,0,Units,2,Two,,
DATAFLOW,OECD.SDD.STES:DSD_STES@DF_CLI(4.1),Composite leading indicators,I,NZL,New Zealand,M,Monthly,CCICP,Composite consumer confidence,IX,Index,_Z,Not applicable,AA,Amplitude adjusted,IX,Index,_Z,Not applicable,H,OECD harmonised,1992-07,,99.66912,,A,Normal value,0,Units,2,Two,,
DATAFLOW,OECD.SDD.STES:DSD_STES@DF_CLI(4.1),Composite leading indicators,I,NZL,New Zealand,M,Monthly,CCICP,Composite consumer confidence,IX,Index,_Z,Not applicable,AA,Amplitude adjusted,IX,Index,_Z,Not applicable,H,OECD harmonised,1992-08,,99.81007,,A,Normal value,0,Units,2,Two,,
DATAFLOW,OECD.SDD.STES:DSD_STES@DF_CLI(4.1),Composite leading indicators,I,NZL,New Zealand,M,Monthly,CCICP,Composite consumer confidence,IX,Index,_Z,Not applicable,AA,Amplitude adjusted,IX,Index,_Z,Not applicable,H,OECD harmonised,1992-09,,99.94671,,A,Normal value,0,Units,2,Two,,
DATAFLOW,OECD.SDD.STES:DSD_STES@DF_CLI(4.1),Composite leading indicators,I,NZL,New Zealand,M,Monthly,CCICP,Composite consumer confidence,IX,Index,_Z,Not applicable,AA,Amplitude adjusted,IX,Index,_Z,Not applicable,H,OECD harmonised,1992-10,,100.0316,,A,Normal value,0,Units,2,Two,,
DATAFLOW,OECD.SDD.STES:DSD_STES@DF_CLI(4.1),Composite leading indicators,I,NZL,New Zealand,M,Monthly,CCICP,Composite consumer confidence,IX,Index,_Z,Not applicable,AA,Amplitude adjusted,IX,Index,_Z,Not applicable,H,OECD harmonised,1992-11,,100.0771,,A,Normal value,0,Units,2,Two,,
DATAFLOW,OECD.SDD.STES:DSD_STES@DF_CLI(4.1),Composite leading indicators,I,NZL,New Zealand,M,Monthly,CCICP,Composite consumer confidence,IX,Index,_Z,Not applicable,AA,Amplitude adjusted,IX,Index,_Z,Not applicable,H,OECD harmonised,1992-12,,100.1052,,A,Normal value,0,Units,2,Two,,
DATAFLOW,OECD.SDD.STES:DSD_STES@DF_CLI(4.1),Composite leading indicators,I,NZL,New Zealand,M,Monthly,CCICP,Composite consumer confidence,IX,Index,_Z,Not applicable,AA,Amplitude adjusted,IX,Index,_Z,Not applicable,H,OECD harmonised,2024-11,,98.51814,,A,Normal value,0,Units,2,Two,,
DATAFLOW,OECD.SDD.STES:DSD_STES@DF_CLI(4.1),Composite leading indicators,I,NZL,New Zealand,M,Monthly,CCICP,Composite consumer confidence,IX,Index,_Z,Not applicable,AA,Amplitude adjusted,IX,Index,_Z,Not applicable,H,OECD harmonised,2024-12,,98.59132,,A,Normal value,0,Units,2,Two,,
DATAFLOW,OECD.SDD.STES:DSD_STES@DF_CLI(4.1),Composite leading indicators,I,NZL,New Zealand,M,Monthly,CCICP,Composite consumer confidence,IX,Index,_Z,Not applicable,AA,Amplitude adjusted,IX,Index,_Z,Not applicable,H,OECD harmonised,2025-01,,98.44182,,A,Normal value,0,Units,2,Two,,
DATAFLOW,OECD.SDD.STES:DSD_STES@DF_CLI(4.1),Composite leading indicators,I,NZL,New Zealand,M,Monthly,CCICP,Composite consumer confidence,IX,Index,_Z,Not applicable,AA,Amplitude adjusted,IX,Index,_Z,Not applicable,H,OECD harmonised,2025-02,,98.19175,,A,Normal value,0,Units,2,Two,,
DATAFLOW,OECD.SDD.STES:DSD_STES@DF_CLI(4.1),Composite leading indicators,I,NZL,New Zealand,M,Monthly,CCICP,Composite consumer confidence,IX,Index,_Z,Not applicable,AA,Amplitude adjusted,IX,Index,_Z,Not applicable,H,OECD harmonised,1993-12,,101.9413,,A,Normal value,0,Units,2,Two,,
DATAFLOW,OECD.SDD.STES:DSD_STES@DF_CLI(4.1),Composite leading indicators,I,NZL,New Zealand,M,Monthly,CCICP,Composite consumer confidence,IX,Index,_Z,Not applicable,AA,Amplitude adjusted,IX,Index,_Z,Not applicable,H,OECD harmonised,1994-01,,102.0124,,A,Normal value,0,Units,2,Two,,
DATAFLOW,OECD.SDD.STES:DSD_STES@DF_CLI(4.1),Composite leading indicators,I,NZL,New Zealand,M,Monthly,CCICP,Composite consumer confidence,IX,Index,_Z,Not applicable,AA,Amplitude adjusted,IX,Index,_Z,Not applicable,H,OECD harmonised,2016-11,,100.3613,,A,Normal value,0,Units,2,Two,,
DATAFLOW,OECD.SDD.STES:DSD_STES@DF_CLI(4.1),Composite leading indicators,I,NZL,New Zealand,M,Monthly,CCICP,Composite consumer confidence,IX,Index,_Z,Not applicable,AA,Amplitude adjusted,IX,Index,_Z,Not applicable,H,OECD harmonised,2016-12,,100.4831,,A,Normal value,0,Units,2,Two,,
DATAFLOW,OECD.SDD.STES:DSD_STES@DF_CLI(4.1),Composite leading indicators,I,NZL,New Zealand,M,Monthly,CCICP,Composite consumer confidence,IX,Index,_Z,Not applicable,AA,Amplitude adjusted,IX,Index,_Z,Not applicable,H,OECD harmonised,2017-01,,100.5132,,A,Normal value,0,Units,2,Two,,
DATAFLOW,OECD.SDD.STES:DSD_STES@DF_CLI(4.1),Composite leading indicators,I,NZL,New Zealand,M,Monthly,CCICP,Composite consumer confidence,IX,Index,_Z,Not applicable,AA,Amplitude adjusted,IX,Index,_Z,Not applicable,H,OECD harmonised,2017-02,,100.4948,,A,Normal value,0,Units,2,Two,,
DATAFLOW,OECD.SDD.STES:DSD_STES@DF_CLI(4.1),Composite leading indicators,I,NZL,New Zealand,M,Monthly,CCICP,Composite consumer confidence,IX,Index,_Z,Not applicable,AA,Amplitude adjusted,IX,Index,_Z,Not applicable,H,OECD harmonised,2017-03,,100.4798,,A,Normal value,0,Units,2,Two,,
DATAFLOW,OECD.SDD.STES:DSD_STES@DF_CLI(4.1),Composite leading indicators,I,NZL,New Zealand,M,Monthly,CCICP,Composite consumer confidence,IX,Index,_Z,Not applicable,AA,Amplitude adjusted,IX,Index,_Z,Not applicable,H,OECD harmonised,2017-04,,100.5014,,A,Normal value,0,Units,2,Two,,
DATAFLOW,OECD.SDD.STES:DSD_STES@DF_CLI(4.1),Composite leading indicators,I,NZL,New Zealand,M,Monthly,CCICP,Composite consumer confidence,IX,Index,_Z,Not applicable,AA,Amplitude adjusted,IX,Index,_Z,Not applicable,H,OECD harmonised,2017-05,,100.5435,,A,Normal value,0,Units,2,Two,,
DATAFLOW,OECD.SDD.STES:DSD_STES@DF_CLI(4.1),Composite leading indicators,I,NZL,New Zealand,M,Monthly,CCICP,Composite consumer confidence,IX,Index,_Z,Not applicable,AA,Amplitude adjusted,IX,Index,_Z,Not applicable,H,OECD harmonised,2017-06,,100.576,,A,Normal value,0,Units,2,Two,,
DATAFLOW,OECD.SDD.STES:DSD_STES@DF_CLI(4.1),Composite leading indicators,I,NZL,New Zealand,M,Monthly,CCICP,Composite consumer confidence,IX,Index,_Z,Not applicable,AA,Amplitude adjusted,IX,Index,_Z,Not applicable,H,OECD harmonised,2017-07,,100.5702,,A,Normal value,0,Units,2,Two,,
DATAFLOW,OECD.SDD.STES:DSD_STES@DF_CLI(4.1),Composite leading indicators,I,NZL,New Zealand,M,Monthly,CCICP,Composite consumer confidence,IX,Index,_Z,Not applicable,AA,Amplitude adjusted,IX,Index,_Z,Not applicable,H,OECD harmonised,2017-08,,100.5238,,A,Normal value,0,Units,2,Two,,
DATAFLOW,OECD.SDD.STES:DSD_STES@DF_CLI(4.1),Composite leading indicators,I,NZL,New Zealand,M,Monthly,CCICP,Composite consumer confidence,IX,Index,_Z,Not applicable,AA,Amplitude adjusted,IX,Index,_Z,Not applicable,H,OECD harmonised,2017-09,,100.4281,,A,Normal value,0,Units,2,Two,,
DATAFLOW,OECD.SDD.STES:DSD_STES@DF_CLI(4.1),Composite leading indicators,I,NZL,New Zealand,M,Monthly,CCICP,Composite consumer confidence,IX,Index,_Z,Not applicable,AA,Amplitude adjusted,IX,Index,_Z,Not applicable,H,OECD harmonised,2017-10,,100.2766,,A,Normal value,0,Units,2,Two,,
DATAFLOW,OECD.SDD.STES:DSD_STES@DF_CLI(4.1),Composite leading indicators,I,NZL,New Zealand,M,Monthly,CCICP,Composite consumer confidence,IX,Index,_Z,Not applicable,AA,Amplitude adjusted,IX,Index,_Z,Not applicable,H,OECD harmonised,2017-11,,100.1222,,A,Normal value,0,Units,2,Two,,
DATAFLOW,OECD.SDD.STES:DSD_STES@DF_CLI(4.1),Composite leading indicators,I,NZL,New Zealand,M,Monthly,CCICP,Composite consumer confidence,IX,Index,_Z,Not applicable,AA,Amplitude adjusted,IX,Index,_Z,Not applicable,H,OECD harmonised,2017-12,,100.0381,,A,Normal value,0,Units,2,Two,,
DATAFLOW,OECD.SDD.STES:DSD_STES@DF_CLI(4.1),Composite leading indicators,I,NZL,New Zealand,M,Monthly,CCICP,Composite consumer confidence,IX,Index,_Z,Not applicable,AA,Amplitude adjusted,IX,Index,_Z,Not applicable,H,OECD harmonised,2018-01,,100.0812,,A,Normal value,0,Units,2,Two,,
DATAFLOW,OECD.SDD.STES:DSD_STES@DF_CLI(4.1),Composite leading indicators,I,NZL,New Zealand,M,Monthly,CCICP,Composite consumer confidence,IX,Index,_Z,Not applicable,AA,Amplitude adjusted,IX,Index,_Z,Not applicable,H,OECD harmonised,2018-02,,100.1854,,A,Normal value,0,Units,2,Two,,
DATAFLOW,OECD.SDD.STES:DSD_STES@DF_CLI(4.1),Composite leading indicators,I,NZL,New Zealand,M,Monthly,CCICP,Composite consumer confidence,IX,Index,_Z,Not applicable,AA,Amplitude adjusted,IX,Index,_Z,Not applicable,H,OECD harmonised,2018-03,,100.2634,,A,Normal value,0,Units,2,Two,,
DATAFLOW,OECD.SDD.STES:DSD_STES@DF_CLI(4.1),Composite leading indicators,I,NZL,New Zealand,M,Monthly,CCICP,Composite consumer confidence,IX,Index,_Z,Not applicable,AA,Amplitude adjusted,IX,Index,_Z,Not applicable,H,OECD harmonised,2018-04,,100.2475,,A,Normal value,0,Units,2,Two,,
DATAFLOW,OECD.SDD.STES:DSD_STES@DF_CLI(4.1),Composite leading indicators,I,NZL,New Zealand,M,Monthly,CCICP,Composite consumer confidence,IX,Index,_Z,Not applicable,AA,Amplitude adjusted,IX,Index,_Z,Not applicable,H,OECD harmonised,2018-05,,100.1571,,A,Normal value,0,Units,2,Two,,
DATAFLOW,OECD.SDD.STES:DSD_STES@DF_CLI(4.1),Composite leading indicators,I,NZL,New Zealand,M,Monthly,CCICP,Composite consumer confidence,IX,Index,_Z,Not applicable,AA,Amplitude adjusted,IX,Index,_Z,Not applicable,H,OECD harmonised,2018-06,,100.0146,,A,Normal value,0,Units,2,Two,,
DATAFLOW,OECD.SDD.STES:DSD_STES@DF_CLI(4.1),Composite leading indicators,I,NZL,New Zealand,M,Monthly,CCICP,Composite consumer confidence,IX,Index,_Z,Not applicable,AA,Amplitude adjusted,IX,Index,_Z,Not applicable,H,OECD harmonised,2018-07,,99.83752,,A,Normal value,0,Units,2,Two,,
DATAFLOW,OECD.SDD.STES:DSD_STES@DF_CLI(4.1),Composite leading indicators,I,NZL,New Zealand,M,Monthly,CCICP,Composite consumer confidence,IX,Index,_Z,Not applicable,AA,Amplitude adjusted,IX,Index,_Z,Not applicable,H,OECD harmonised,2018-08,,99.68074,,A,Normal value,0,Units,2,Two,,
DATAFLOW,OECD.SDD.STES:DSD_STES@DF_CLI(4.1),Composite leading indicators,I,NZL,New Zealand,M,Monthly,CCICP,Composite consumer confidence,IX,Index,_Z,Not applicable,AA,Amplitude adjusted,IX,Index,_Z,Not applicable,H,OECD harmonised,2018-09,,99.61959,,A,Normal value,0,Units,2,Two,,
DATAFLOW,OECD.SDD.STES:DSD_STES@DF_CLI(4.1),Composite leading indicators,I,NZL,New Zealand,M,Monthly,CCICP,Composite consumer confidence,IX,Index,_Z,Not applicable,AA,Amplitude adjusted,IX,Index,_Z,Not applicable,H,OECD harmonised,2018-10,,99.71166,,A,Normal value,0,Units,2,Two,,
DATAFLOW,OECD.SDD.STES:DSD_STES@DF_CLI(4.1),Composite leading indicators,I,NZL,New Zealand,M,Monthly,CCICP,Composite consumer confidence,IX,Index,_Z,Not applicable,AA,Amplitude adjusted,IX,Index,_Z,Not applicable,H,OECD harmonised,2018-11,,99.86333,,A,Normal value,0,Units,2,Two,,
DATAFLOW,OECD.SDD.STES:DSD_STES@DF_CLI(4.1),Composite leading indicators,I,NZL,New Zealand,M,Monthly,CCICP,Composite consumer confidence,IX,Index,_Z,Not applicable,AA,Amplitude adjusted,IX,Index,_Z,Not applicable,H,OECD harmonised,2018-12,,99.95143,,A,Normal value,0,Units,2,Two,,
DATAFLOW,OECD.SDD.STES:DSD_STES@DF_CLI(4.1),Composite leading indicators,I,NZL,New Zealand,M,Monthly,CCICP,Composite consumer confidence,IX,Index,_Z,Not applicable,AA,Amplitude adjusted,IX,Index,_Z,Not applicable,H,OECD harmonised,2019-01,,99.8854,,A,Normal value,0,Units,2,Two,,
DATAFLOW,OECD.SDD.STES:DSD_STES@DF_CLI(4.1),Composite leading indicators,I,NZL,New Zealand,M,Monthly,CCICP,Composite consumer confidence,IX,Index,_Z,Not applicable,AA,Amplitude adjusted,IX,Index,_Z,Not applicable,H,OECD harmonised,2019-02,,99.73294,,A,Normal value,0,Units,2,Two,,
DATAFLOW,OECD.SDD.STES:DSD_STES@DF_CLI(4.1),Composite leading indicators,I,NZL,New Zealand,M,Monthly,CCICP,Composite consumer confidence,IX,Index,_Z,Not applicable,AA,Amplitude adjusted,IX,Index,_Z,Not applicable,H,OECD harmonised,2019-03,,99.58375,,A,Normal value,0,Units,2,Two,,
DATAFLOW,OECD.SDD.STES:DSD_STES@DF_CLI(4.1),Composite leading indicators,I,NZL,New Zealand,M,Monthly,CCICP,Composite consumer confidence,IX,Index,_Z,Not applicable,AA,Amplitude adjusted,IX,Index,_Z,Not applicable,H,OECD harmonised,2019-04,,99.4996,,A,Normal value,0,Units,2,Two,,
DATAFLOW,OECD.SDD.STES:DSD_STES@DF_CLI(4.1),Composite leading indicators,I,NZL,New Zealand,M,Monthly,CCICP,Composite consumer confidence,IX,Index,_Z,Not applicable,AA,Amplitude adjusted,IX,Index,_Z,Not applicable,H,OECD harmonised,2019-05,,99.46127,,A,Normal value,0,Units,2,Two,,
DATAFLOW,OECD.SDD.STES:DSD_STES@DF_CLI(4.1),Composite leading indicators,I,NZL,New Zealand,M,Monthly,CCICP,Composite consumer confidence,IX,Index,_Z,Not applicable,AA,Amplitude adjusted,IX,Index,_Z,Not applicable,H,OECD harmonised,2019-06,,99.44118,,A,Normal value,0,Units,2,Two,,
DATAFLOW,OECD.SDD.STES:DSD_STES@DF_CLI(4.1),Composite leading indicators,I,NZL,New Zealand,M,Monthly,CCICP,Composite consumer confidence,IX,Index,_Z,Not applicable,AA,Amplitude adjusted,IX,Index,_Z,Not applicable,H,OECD harmonised,2019-07,,99.43029,,A,Normal value,0,Units,2,Two,,
DATAFLOW,OECD.SDD.STES:DSD_STES@DF_CLI(4.1),Composite leading indicators,I,NZL,New Zealand,M,Monthly,CCICP,Composite consumer confidence,IX,Index,_Z,Not applicable,AA,Amplitude adjusted,IX,Index,_Z,Not applicable,H,OECD harmonised,2019-08,,99.44678,,A,Normal value,0,Units,2,Two,,
DATAFLOW,OECD.SDD.STES:DSD_STES@DF_CLI(4.1),Composite leading indicators,I,NZL,New Zealand,M,Monthly,CCICP,Composite consumer confidence,IX,Index,_Z,Not applicable,AA,Amplitude adjusted,IX,Index,_Z,Not applicable,H,OECD harmonised,2019-09,,99.5316,,A,Normal value,0,Units,2,Two,,
DATAFLOW,OECD.SDD.STES:DSD_STES@DF_CLI(4.1),Composite leading indicators,I,NZL,New Zealand,M,Monthly,CCICP,Composite consumer confidence,IX,Index,_Z,Not applicable,AA,Amplitude adjusted,IX,Index,_Z,Not applicable,H,OECD harmonised,2019-10,,99.71676,,A,Normal value,0,Units,2,Two,,
DATAFLOW,OECD.SDD.STES:DSD_STES@DF_CLI(4.1),Composite leading indicators,I,NZL,New Zealand,M,Monthly,CCICP,Composite consumer confidence,IX,Index,_Z,Not applicable,AA,Amplitude adjusted,IX,Index,_Z,Not applicable,H,OECD harmonised,2019-11,,99.92522,,A,Normal value,0,Units,2,Two,,
DATAFLOW,OECD.SDD.STES:DSD_STES@DF_CLI(4.1),Composite leading indicators,I,NZL,New Zealand,M,Monthly,CCICP,Composite consumer confidence,IX,Index,_Z,Not applicable,AA,Amplitude adjusted,IX,Index,_Z,Not applicable,H,OECD harmonised,2019-12,,100.0453,,A,Normal value,0,Units,2,Two,,
DATAFLOW,OECD.SDD.STES:DSD_STES@DF_CLI(4.1),Composite leading indicators,I,NZL,New Zealand,M,Monthly,CCICP,Composite consumer confidence,IX,Index,_Z,Not applicable,AA,Amplitude adjusted,IX,Index,_Z,Not applicable,H,OECD harmonised,2020-01,,99.98196,,A,Normal value,0,Units,2,Two,,
DATAFLOW,OECD.SDD.STES:DSD_STES@DF_CLI(4.1),Composite leading indicators,I,NZL,New Zealand,M,Monthly,CCICP,Composite consumer confidence,IX,Index,_Z,Not applicable,AA,Amplitude adjusted,IX,Index,_Z,Not applicable,H,OECD harmonised,2020-02,,99.79594,,A,Normal value,0,Units,2,Two,,
DATAFLOW,OECD.SDD.STES:DSD_STES@DF_CLI(4.1),Composite leading indicators,I,NZL,New Zealand,M,Monthly,CCICP,Composite consumer confidence,IX,Index,_Z,Not applicable,AA,Amplitude adjusted,IX,Index,_Z,Not applicable,H,OECD harmonised,2020-03,,99.54988,,A,Normal value,0,Units,2,Two,,
DATAFLOW,OECD.SDD.STES:DSD_STES@DF_CLI(4.1),Composite leading indicators,I,NZL,New Zealand,M,Monthly,CCICP,Composite consumer confidence,IX,Index,_Z,Not applicable,AA,Amplitude adjusted,IX,Index,_Z,Not applicable,H,OECD harmonised,2020-04,,99.27654,,A,Normal value,0,Units,2,Two,,
DATAFLOW,OECD.SDD.STES:DSD_STES@DF_CLI(4.1),Composite leading indicators,I,NZL,New Zealand,M,Monthly,CCICP,Composite consumer confidence,IX,Index,_Z,Not applicable,AA,Amplitude adjusted,IX,Index,_Z,Not applicable,H,OECD harmonised,2020-05,,99.00736,,A,Normal value,0,Units,2,Two,,
DATAFLOW,OECD.SDD.STES:DSD_STES@DF_CLI(4.1),Composite leading indicators,I,NZL,New Zealand,M,Monthly,CCICP,Composite consumer confidence,IX,Index,_Z,Not applicable,AA,Amplitude adjusted,IX,Index,_Z,Not applicable,H,OECD harmonised,2020-06,,98.77853,,A,Normal value,0,Units,2,Two,,
DATAFLOW,OECD.SDD.STES:DSD_STES@DF_CLI(4.1),Composite leading indicators,I,NZL,New Zealand,M,Monthly,CCICP,Composite consumer confidence,IX,Index,_Z,Not applicable,AA,Amplitude adjusted,IX,Index,_Z,Not applicable,H,OECD harmonised,2020-07,,98.63297,,A,Normal value,0,Units,2,Two,,
DATAFLOW,OECD.SDD.STES:DSD_STES@DF_CLI(4.1),Composite leading indicators,I,NZL,New Zealand,M,Monthly,CCICP,Composite consumer confidence,IX,Index,_Z,Not applicable,AA,Amplitude adjusted,IX,Index,_Z,Not applicable,H,OECD harmonised,2020-08,,98.58191,,A,Normal value,0,Units,2,Two,,
DATAFLOW,OECD.SDD.STES:DSD_STES@DF_CLI(4.1),Composite leading indicators,I,NZL,New Zealand,M,Monthly,CCICP,Composite consumer confidence,IX,Index,_Z,Not applicable,AA,Amplitude adjusted,IX,Index,_Z,Not applicable,H,OECD harmonised,2020-09,,98.67033,,A,Normal value,0,Units,2,Two,,
DATAFLOW,OECD.SDD.STES:DSD_STES@DF_CLI(4.1),Composite leading indicators,I,NZL,New Zealand,M,Monthly,CCICP,Composite consumer confidence,IX,Index,_Z,Not applicable,AA,Amplitude adjusted,IX,Index,_Z,Not applicable,H,OECD harmonised,1995-02,,101.4046,,A,Normal value,0,Units,2,Two,,
DATAFLOW,OECD.SDD.STES:DSD_STES@DF_CLI(4.1),Composite leading indicators,I,NZL,New Zealand,M,Monthly,CCICP,Composite consumer confidence,IX,Index,_Z,Not applicable,AA,Amplitude adjusted,IX,Index,_Z,Not applicable,H,OECD harmonised,1995-03,,101.4601,,A,Normal value,0,Units,2,Two,,
DATAFLOW,OECD.SDD.STES:DSD_STES@DF_CLI(4.1),Composite leading indicators,I,NZL,New Zealand,M,Monthly,CCICP,Composite consumer confidence,IX,Index,_Z,Not applicable,AA,Amplitude adjusted,IX,Index,_Z,Not applicable,H,OECD harmonised,1995-04,,101.6251,,A,Normal value,0,Units,2,Two,,
DATAFLOW,OECD.SDD.STES:DSD_STES@DF_CLI(4.1),Composite leading indicators,I,NZL,New Zealand,M,Monthly,CCICP,Composite consumer confidence,IX,Index,_Z,Not applicable,AA,Amplitude adjusted,IX,Index,_Z,Not applicable,H,OECD harmonised,1995-05,,101.8339,,A,Normal value,0,Units,2,Two,,
DATAFLOW,OECD.SDD.STES:DSD_STES@DF_CLI(4.1),Composite leading indicators,I,NZL,New Zealand,M,Monthly,CCICP,Composite consumer confidence,IX,Index,_Z,Not applicable,AA,Amplitude adjusted,IX,Index,_Z,Not applicable,H,OECD harmonised,1995-06,,102.0058,,A,Normal value,0,Units,2,Two,,
DATAFLOW,OECD.SDD.STES:DSD_STES@DF_CLI(4.1),Composite leading indicators,I,NZL,New Zealand,M,Monthly,CCICP,Composite consumer confidence,IX,Index,_Z,Not applicable,AA,Amplitude adjusted,IX,Index,_Z,Not applicable,H,OECD harmonised,1995-07,,102.0764,,A,Normal value,0,Units,2,Two,,
DATAFLOW,OECD.SDD.STES:DSD_STES@DF_CLI(4.1),Composite leading indicators,I,NZL,New Zealand,M,Monthly,CCICP,Composite consumer confidence,IX,Index,_Z,Not applicable,AA,Amplitude adjusted,IX,Index,_Z,Not applicable,H,OECD harmonised,1995-08,,102.0666,,A,Normal value,0,Units,2,Two,,
DATAFLOW,OECD.SDD.STES:DSD_STES@DF_CLI(4.1),Composite leading indicators,I,NZL,New Zealand,M,Monthly,CCICP,Composite consumer confidence,IX,Index,_Z,Not applicable,AA,Amplitude adjusted,IX,Index,_Z,Not applicable,H,OECD harmonised,1995-09,,101.9964,,A,Normal value,0,Units,2,Two,,
DATAFLOW,OECD.SDD.STES:DSD_STES@DF_CLI(4.1),Composite leading indicators,I,NZL,New Zealand,M,Monthly,CCICP,Composite consumer confidence,IX,Index,_Z,Not applicable,AA,Amplitude adjusted,IX,Index,_Z,Not applicable,H,OECD harmonised,1995-10,,101.8799,,A,Normal value,0,Units,2,Two,,
DATAFLOW,OECD.SDD.STES:DSD_STES@DF_CLI(4.1),Composite leading indicators,I,NZL,New Zealand,M,Monthly,CCICP,Composite consumer confidence,IX,Index,_Z,Not applicable,AA,Amplitude adjusted,IX,Index,_Z,Not applicable,H,OECD harmonised,1995-11,,101.7798,,A,Normal value,0,Units,2,Two,,
DATAFLOW,OECD.SDD.STES:DSD_STES@DF_CLI(4.1),Composite leading indicators,I,NZL,New Zealand,M,Monthly,CCICP,Composite consumer confidence,IX,Index,_Z,Not applicable,AA,Amplitude adjusted,IX,Index,_Z,Not applicable,H,OECD harmonised,1995-12,,101.775,,A,Normal value,0,Units,2,Two,,
DATAFLOW,OECD.SDD.STES:DSD_STES@DF_CLI(4.1),Composite leading indicators,I,NZL,New Zealand,M,Monthly,CCICP,Composite consumer confidence,IX,Index,_Z,Not applicable,AA,Amplitude adjusted,IX,Index,_Z,Not applicable,H,OECD harmonised,1996-01,,101.9122,,A,Normal value,0,Units,2,Two,,
DATAFLOW,OECD.SDD.STES:DSD_STES@DF_CLI(4.1),Composite leading indicators,I,NZL,New Zealand,M,Monthly,CCICP,Composite consumer confidence,IX,Index,_Z,Not applicable,AA,Amplitude adjusted,IX,Index,_Z,Not applicable,H,OECD harmonised,1996-02,,102.0616,,A,Normal value,0,Units,2,Two,,
DATAFLOW,OECD.SDD.STES:DSD_STES@DF_CLI(4.1),Composite leading indicators,I,NZL,New Zealand,M,Monthly,CCICP,Composite consumer confidence,IX,Index,_Z,Not applicable,AA,Amplitude adjusted,IX,Index,_Z,Not applicable,H,OECD harmonised,1996-03,,102.0355,,A,Normal value,0,Units,2,Two,,
DATAFLOW,OECD.SDD.STES:DSD_STES@DF_CLI(4.1),Composite leading indicators,I,NZL,New Zealand,M,Monthly,CCICP,Composite consumer confidence,IX,Index,_Z,Not applicable,AA,Amplitude adjusted,IX,Index,_Z,Not applicable,H,OECD harmonised,1996-04,,101.6949,,A,Normal value,0,Units,2,Two,,
DATAFLOW,OECD.SDD.STES:DSD_STES@DF_CLI(4.1),Composite leading indicators,I,NZL,New Zealand,M,Monthly,CCICP,Composite consumer confidence,IX,Index,_Z,Not applicable,AA,Amplitude adjusted,IX,Index,_Z,Not applicable,H,OECD harmonised,1996-05,,101.2307,,A,Normal value,0,Units,2,Two,,
DATAFLOW,OECD.SDD.STES:DSD_STES@DF_CLI(4.1),Composite leading indicators,I,NZL,New Zealand,M,Monthly,CCICP,Composite consumer confidence,IX,Index,_Z,Not applicable,AA,Amplitude adjusted,IX,Index,_Z,Not applicable,H,OECD harmonised,1996-06,,100.9057,,A,Normal value,0,Units,2,Two,,
DATAFLOW,OECD.SDD.STES:DSD_STES@DF_CLI(4.1),Composite leading indicators,I,NZL,New Zealand,M,Monthly,CCICP,Composite consumer confidence,IX,Index,_Z,Not applicable,AA,Amplitude adjusted,IX,Index,_Z,Not applicable,H,OECD harmonised,1996-07,,100.9189,,A,Normal value,0,Units,2,Two,,
DATAFLOW,OECD.SDD.STES:DSD_STES@DF_CLI(4.1),Composite leading indicators,I,NZL,New Zealand,M,Monthly,CCICP,Composite consumer confidence,IX,Index,_Z,Not applicable,AA,Amplitude adjusted,IX,Index,_Z,Not applicable,H,OECD harmonised,1996-08,,101.1318,,A,Normal value,0,Units,2,Two,,
DATAFLOW,OECD.SDD.STES:DSD_STES@DF_CLI(4.1),Composite leading indicators,I,NZL,New Zealand,M,Monthly,CCICP,Composite consumer confidence,IX,Index,_Z,Not applicable,AA,Amplitude adjusted,IX,Index,_Z,Not applicable,H,OECD harmonised,1996-09,,101.3637,,A,Normal value,0,Units,2,Two,,
DATAFLOW,OECD.SDD.STES:DSD_STES@DF_CLI(4.1),Composite leading indicators,I,NZL,New Zealand,M,Monthly,CCICP,Composite consumer confidence,IX,Index,_Z,Not applicable,AA,Amplitude adjusted,IX,Index,_Z,Not applicable,H,OECD harmonised,1996-10,,101.4883,,A,Normal value,0,Units,2,Two,,
DATAFLOW,OECD.SDD.STES:DSD_STES@DF_CLI(4.1),Composite leading indicators,I,NZL,New Zealand,M,Monthly,CCICP,Composite consumer confidence,IX,Index,_Z,Not applicable,AA,Amplitude adjusted,IX,Index,_Z,Not applicable,H,OECD harmonised,1996-11,,101.5112,,A,Normal value,0,Units,2,Two,,
DATAFLOW,OECD.SDD.STES:DSD_STES@DF_CLI(4.1),Composite leading indicators,I,NZL,New Zealand,M,Monthly,CCICP,Composite consumer confidence,IX,Index,_Z,Not applicable,AA,Amplitude adjusted,IX,Index,_Z,Not applicable,H,OECD harmonised,1996-12,,101.4451,,A,Normal value,0,Units,2,Two,,
DATAFLOW,OECD.SDD.STES:DSD_STES@DF_CLI(4.1),Composite leading indicators,I,NZL,New Zealand,M,Monthly,CCICP,Composite consumer confidence,IX,Index,_Z,Not applicable,AA,Amplitude adjusted,IX,Index,_Z,Not applicable,H,OECD harmonised,1997-01,,101.2871,,A,Normal value,0,Units,2,Two,,
DATAFLOW,OECD.SDD.STES:DSD_STES@DF_CLI(4.1),Composite leading indicators,I,NZL,New Zealand,M,Monthly,CCICP,Composite consumer confidence,IX,Index,_Z,Not applicable,AA,Amplitude adjusted,IX,Index,_Z,Not applicable,H,OECD harmonised,1997-02,,101.0844,,A,Normal value,0,Units,2,Two,,
DATAFLOW,OECD.SDD.STES:DSD_STES@DF_CLI(4.1),Composite leading indicators,I,NZL,New Zealand,M,Monthly,CCICP,Composite consumer confidence,IX,Index,_Z,Not applicable,AA,Amplitude adjusted,IX,Index,_Z,Not applicable,H,OECD harmonised,1997-03,,100.8789,,A,Normal value,0,Units,2,Two,,
DATAFLOW,OECD.SDD.STES:DSD_STES@DF_CLI(4.1),Composite leading indicators,I,NZL,New Zealand,M,Monthly,CCICP,Composite consumer confidence,IX,Index,_Z,Not applicable,AA,Amplitude adjusted,IX,Index,_Z,Not applicable,H,OECD harmonised,1997-04,,100.6959,,A,Normal value,0,Units,2,Two,,
DATAFLOW,OECD.SDD.STES:DSD_STES@DF_CLI(4.1),Composite leading indicators,I,NZL,New Zealand,M,Monthly,CCICP,Composite consumer confidence,IX,Index,_Z,Not applicable,AA,Amplitude adjusted,IX,Index,_Z,Not applicable,H,OECD harmonised,1997-05,,100.5363,,A,Normal value,0,Units,2,Two,,
DATAFLOW,OECD.SDD.STES:DSD_STES@DF_CLI(4.1),Composite leading indicators,I,NZL,New Zealand,M,Monthly,CCICP,Composite consumer confidence,IX,Index,_Z,Not applicable,AA,Amplitude adjusted,IX,Index,_Z,Not applicable,H,OECD harmonised,1997-06,,100.4021,,A,Normal value,0,Units,2,Two,,
DATAFLOW,OECD.SDD.STES:DSD_STES@DF_CLI(4.1),Composite leading indicators,I,NZL,New Zealand,M,Monthly,CCICP,Composite consumer confidence,IX,Index,_Z,Not applicable,AA,Amplitude adjusted,IX,Index,_Z,Not applicable,H,OECD harmonised,1997-07,,100.3006,,A,Normal value,0,Units,2,Two,,
DATAFLOW,OECD.SDD.STES:DSD_STES@DF_CLI(4.1),Composite leading indicators,I,NZL,New Zealand,M,Monthly,CCICP,Composite consumer confidence,IX,Index,_Z,Not applicable,AA,Amplitude adjusted,IX,Index,_Z,Not applicable,H,OECD harmonised,1997-08,,100.2213,,A,Normal value,0,Units,2,Two,,
DATAFLOW,OECD.SDD.STES:DSD_STES@DF_CLI(4.1),Composite leading indicators,I,NZL,New Zealand,M,Monthly,CCICP,Composite consumer confidence,IX,Index,_Z,Not applicable,AA,Amplitude adjusted,IX,Index,_Z,Not applicable,H,OECD harmonised,1997-09,,100.1572,,A,Normal value,0,Units,2,Two,,
DATAFLOW,OECD.SDD.STES:DSD_STES@DF_CLI(4.1),Composite leading indicators,I,NZL,New Zealand,M,Monthly,CCICP,Composite consumer confidence,IX,Index,_Z,Not applicable,AA,Amplitude adjusted,IX,Index,_Z,Not applicable,H,OECD harmonised,1997-10,,100.1048,,A,Normal value,0,Units,2,Two,,
DATAFLOW,OECD.SDD.STES:DSD_STES@DF_CLI(4.1),Composite leading indicators,I,NZL,New Zealand,M,Monthly,CCICP,Composite consumer confidence,IX,Index,_Z,Not applicable,AA,Amplitude adjusted,IX,Index,_Z,Not applicable,H,OECD harmonised,1997-11,,100.047,,A,Normal value,0,Units,2,Two,,
DATAFLOW,OECD.SDD.STES:DSD_STES@DF_CLI(4.1),Composite leading indicators,I,NZL,New Zealand,M,Monthly,CCICP,Composite consumer confidence,IX,Index,_Z,Not applicable,AA,Amplitude adjusted,IX,Index,_Z,Not applicable,H,OECD harmonised,1997-12,,99.95656,,A,Normal value,0,Units,2,Two,,
DATAFLOW,OECD.SDD.STES:DSD_STES@DF_CLI(4.1),Composite leading indicators,I,NZL,New Zealand,M,Monthly,CCICP,Composite consumer confidence,IX,Index,_Z,Not applicable,AA,Amplitude adjusted,IX,Index,_Z,Not applicable,H,OECD harmonised,1998-01,,99.80388,,A,Normal value,0,Units,2,Two,,
DATAFLOW,OECD.SDD.STES:DSD_STES@DF_CLI(4.1),Composite leading indicators,I,NZL,New Zealand,M,Monthly,CCICP,Composite consumer confidence,IX,Index,_Z,Not applicable,AA,Amplitude adjusted,IX,Index,_Z,Not applicable,H,OECD harmonised,1998-02,,99.59805,,A,Normal value,0,Units,2,Two,,
DATAFLOW,OECD.SDD.STES:DSD_STES@DF_CLI(4.1),Composite leading indicators,I,NZL,New Zealand,M,Monthly,CCICP,Composite consumer confidence,IX,Index,_Z,Not applicable,AA,Amplitude adjusted,IX,Index,_Z,Not applicable,H,OECD harmonised,1998-03,,99.34097,,A,Normal value,0,Units,2,Two,,
DATAFLOW,OECD.SDD.STES:DSD_STES@DF_CLI(4.1),Composite leading indicators,I,NZL,New Zealand,M,Monthly,CCICP,Composite consumer confidence,IX,Index,_Z,Not applicable,AA,Amplitude adjusted,IX,Index,_Z,Not applicable,H,OECD harmonised,1998-04,,99.03458,,A,Normal value,0,Units,2,Two,,
DATAFLOW,OECD.SDD.STES:DSD_STES@DF_CLI(4.1),Composite leading indicators,I,NZL,New Zealand,M,Monthly,CCICP,Composite consumer confidence,IX,Index,_Z,Not applicable,AA,Amplitude adjusted,IX,Index,_Z,Not applicable,H,OECD harmonised,1998-05,,98.73956,,A,Normal value,0,Units,2,Two,,
DATAFLOW,OECD.SDD.STES:DSD_STES@DF_CLI(4.1),Composite leading indicators,I,NZL,New Zealand,M,Monthly,CCICP,Composite consumer confidence,IX,Index,_Z,Not applicable,AA,Amplitude adjusted,IX,Index,_Z,Not applicable,H,OECD harmonised,1998-06,,98.54951,,A,Normal value,0,Units,2,Two,,
DATAFLOW,OECD.SDD.STES:DSD_STES@DF_CLI(4.1),Composite leading indicators,I,NZL,New Zealand,M,Monthly,CCICP,Composite consumer confidence,IX,Index,_Z,Not applicable,AA,Amplitude adjusted,IX,Index,_Z,Not applicable,H,OECD harmonised,1998-07,,98.55392,,A,Normal value,0,Units,2,Two,,
DATAFLOW,OECD.SDD.STES:DSD_STES@DF_CLI(4.1),Composite leading indicators,I,NZL,New Zealand,M,Monthly,CCICP,Composite consumer confidence,IX,Index,_Z,Not applicable,AA,Amplitude adjusted,IX,Index,_Z,Not applicable,H,OECD harmonised,1998-08,,98.69602,,A,Normal value,0,Units,2,Two,,
DATAFLOW,OECD.SDD.STES:DSD_STES@DF_CLI(4.1),Composite leading indicators,I,NZL,New Zealand,M,Monthly,CCICP,Composite consumer confidence,IX,Index,_Z,Not applicable,AA,Amplitude adjusted,IX,Index,_Z,Not applicable,H,OECD harmonised,1998-09,,98.93256,,A,Normal value,0,Units,2,Two,,
DATAFLOW,OECD.SDD.STES:DSD_STES@DF_CLI(4.1),Composite leading indicators,I,NZL,New Zealand,M,Monthly,CCICP,Composite consumer confidence,IX,Index,_Z,Not applicable,AA,Amplitude adjusted,IX,Index,_Z,Not applicable,H,OECD harmonised,1998-10,,99.25588,,A,Normal value,0,Units,2,Two,,
DATAFLOW,OECD.SDD.STES:DSD_STES@DF_CLI(4.1),Composite leading indicators,I,NZL,New Zealand,M,Monthly,CCICP,Composite consumer confidence,IX,Index,_Z,Not applicable,AA,Amplitude adjusted,IX,Index,_Z,Not applicable,H,OECD harmonised,1998-11,,99.62147,,A,Normal value,0,Units,2,Two,,
DATAFLOW,OECD.SDD.STES:DSD_STES@DF_CLI(4.1),Composite leading indicators,I,NZL,New Zealand,M,Monthly,CCICP,Composite consumer confidence,IX,Index,_Z,Not applicable,AA,Amplitude adjusted,IX,Index,_Z,Not applicable,H,OECD harmonised,1998-12,,99.99118,,A,Normal value,0,Units,2,Two,,
DATAFLOW,OECD.SDD.STES:DSD_STES@DF_CLI(4.1),Composite leading indicators,I,NZL,New Zealand,M,Monthly,CCICP,Composite consumer confidence,IX,Index,_Z,Not applicable,AA,Amplitude adjusted,IX,Index,_Z,Not applicable,H,OECD harmonised,1999-01,,100.3341,,A,Normal value,0,Units,2,Two,,
DATAFLOW,OECD.SDD.STES:DSD_STES@DF_CLI(4.1),Composite leading indicators,I,NZL,New Zealand,M,Monthly,CCICP,Composite consumer confidence,IX,Index,_Z,Not applicable,AA,Amplitude adjusted,IX,Index,_Z,Not applicable,H,OECD harmonised,1999-02,,100.6232,,A,Normal value,0,Units,2,Two,,
DATAFLOW,OECD.SDD.STES:DSD_STES@DF_CLI(4.1),Composite leading indicators,I,NZL,New Zealand,M,Monthly,CCICP,Composite consumer confidence,IX,Index,_Z,Not applicable,AA,Amplitude adjusted,IX,Index,_Z,Not applicable,H,OECD harmonised,1999-03,,100.8059,,A,Normal value,0,Units,2,Two,,
DATAFLOW,OECD.SDD.STES:DSD_STES@DF_CLI(4.1),Composite leading indicators,I,NZL,New Zealand,M,Monthly,CCICP,Composite consumer confidence,IX,Index,_Z,Not applicable,AA,Amplitude adjusted,IX,Index,_Z,Not applicable,H,OECD harmonised,1999-04,,100.8271,,A,Normal value,0,Units,2,Two,,
DATAFLOW,OECD.SDD.STES:DSD_STES@DF_CLI(4.1),Composite leading indicators,I,NZL,New Zealand,M,Monthly,CCICP,Composite consumer confidence,IX,Index,_Z,Not applicable,AA,Amplitude adjusted,IX,Index,_Z,Not applicable,H,OECD harmonised,2020-12,,99.58722,,A,Normal value,0,Units,2,Two,,
DATAFLOW,OECD.SDD.STES:DSD_STES@DF_CLI(4.1),Composite leading indicators,I,NZL,New Zealand,M,Monthly,CCICP,Composite consumer confidence,IX,Index,_Z,Not applicable,AA,Amplitude adjusted,IX,Index,_Z,Not applicable,H,OECD harmonised,2021-01,,99.70809,,A,Normal value,0,Units,2,Two,,
DATAFLOW,OECD.SDD.STES:DSD_STES@DF_CLI(4.1),Composite leading indicators,I,NZL,New Zealand,M,Monthly,CCICP,Composite consumer confidence,IX,Index,_Z,Not applicable,AA,Amplitude adjusted,IX,Index,_Z,Not applicable,H,OECD harmonised,2021-02,,99.72889,,A,Normal value,0,Units,2,Two,,
DATAFLOW,OECD.SDD.STES:DSD_STES@DF_CLI(4.1),Composite leading indicators,I,NZL,New Zealand,M,Monthly,CCICP,Composite consumer confidence,IX,Index,_Z,Not applicable,AA,Amplitude adjusted,IX,Index,_Z,Not applicable,H,OECD harmonised,2021-03,,99.73185,,A,Normal value,0,Units,2,Two,,
DATAFLOW,OECD.SDD.STES:DSD_STES@DF_CLI(4.1),Composite leading indicators,I,NZL,New Zealand,M,Monthly,CCICP,Composite consumer confidence,IX,Index,_Z,Not applicable,AA,Amplitude adjusted,IX,Index,_Z,Not applicable,H,OECD harmonised,1990-07,,99.05322,,A,Normal value,0,Units,2,Two,,
DATAFLOW,OECD.SDD.STES:DSD_STES@DF_CLI(4.1),Composite leading indicators,I,NZL,New Zealand,M,Monthly,CCICP,Composite consumer confidence,IX,Index,_Z,Not applicable,AA,Amplitude adjusted,IX,Index,_Z,Not applicable,H,OECD harmonised,2001-01,,100.9621,,A,Normal value,0,Units,2,Two,,
DATAFLOW,OECD.SDD.STES:DSD_STES@DF_CLI(4.1),Composite leading indicators,I,NZL,New Zealand,M,Monthly,CCICP,Composite consumer confidence,IX,Index,_Z,Not applicable,AA,Amplitude adjusted,IX,Index,_Z,Not applicable,H,OECD harmonised,2001-02,,101.2603,,A,Normal value,0,Units,2,Two,,
DATAFLOW,OECD.SDD.STES:DSD_STES@DF_CLI(4.1),Composite leading indicators,I,NZL,New Zealand,M,Monthly,CCICP,Composite consumer confidence,IX,Index,_Z,Not applicable,AA,Amplitude adjusted,IX,Index,_Z,Not applicable,H,OECD harmonised,2001-03,,101.4087,,A,Normal value,0,Units,2,Two,,
DATAFLOW,OECD.SDD.STES:DSD_STES@DF_CLI(4.1),Composite leading indicators,I,NZL,New Zealand,M,Monthly,CCICP,Composite consumer confidence,IX,Index,_Z,Not applicable,AA,Amplitude adjusted,IX,Index,_Z,Not applicable,H,OECD harmonised,2001-04,,101.3658,,A,Normal value,0,Units,2,Two,,
DATAFLOW,OECD.SDD.STES:DSD_STES@DF_CLI(4.1),Composite leading indicators,I,NZL,New Zealand,M,Monthly,CCICP,Composite consumer confidence,IX,Index,_Z,Not applicable,AA,Amplitude adjusted,IX,Index,_Z,Not applicable,H,OECD harmonised,2001-05,,101.2227,,A,Normal value,0,Units,2,Two,,
DATAFLOW,OECD.SDD.STES:DSD_STES@DF_CLI(4.1),Composite leading indicators,I,NZL,New Zealand,M,Monthly,CCICP,Composite consumer confidence,IX,Index,_Z,Not applicable,AA,Amplitude adjusted,IX,Index,_Z,Not applicable,H,OECD harmonised,2001-06,,101.0706,,A,Normal value,0,Units,2,Two,,
DATAFLOW,OECD.SDD.STES:DSD_STES@DF_CLI(4.1),Composite leading indicators,I,NZL,New Zealand,M,Monthly,CCICP,Composite consumer confidence,IX,Index,_Z,Not applicable,AA,Amplitude adjusted,IX,Index,_Z,Not applicable,H,OECD harmonised,2005-04,,101.8701,,A,Normal value,0,Units,2,Two,,
DATAFLOW,OECD.SDD.STES:DSD_STES@DF_CLI(4.1),Composite leading indicators,I,NZL,New Zealand,M,Monthly,CCICP,Composite consumer confidence,IX,Index,_Z,Not applicable,AA,Amplitude adjusted,IX,Index,_Z,Not applicable,H,OECD harmonised,2005-05,,101.6483,,A,Normal value,0,Units,2,Two,,
DATAFLOW,OECD.SDD.STES:DSD_STES@DF_CLI(4.1),Composite leading indicators,I,NZL,New Zealand,M,Monthly,CCICP,Composite consumer confidence,IX,Index,_Z,Not applicable,AA,Amplitude adjusted,IX,Index,_Z,Not applicable,H,OECD harmonised,2005-06,,101.4828,,A,Normal value,0,Units,2,Two,,
DATAFLOW,OECD.SDD.STES:DSD_STES@DF_CLI(4.1),Composite leading indicators,I,NZL,New Zealand,M,Monthly,CCICP,Composite consumer confidence,IX,Index,_Z,Not applicable,AA,Amplitude adjusted,IX,Index,_Z,Not applicable,H,OECD harmonised,2005-07,,101.4079,,A,Normal value,0,Units,2,Two,,
DATAFLOW,OECD.SDD.STES:DSD_STES@DF_CLI(4.1),Composite leading indicators,I,NZL,New Zealand,M,Monthly,CCICP,Composite consumer confidence,IX,Index,_Z,Not applicable,AA,Amplitude adjusted,IX,Index,_Z,Not applicable,H,OECD harmonised,2005-08,,101.3557,,A,Normal value,0,Units,2,Two,,
DATAFLOW,OECD.SDD.STES:DSD_STES@DF_CLI(4.1),Composite leading indicators,I,NZL,New Zealand,M,Monthly,CCICP,Composite consumer confidence,IX,Index,_Z,Not applicable,AA,Amplitude adjusted,IX,Index,_Z,Not applicable,H,OECD harmonised,2005-09,,101.2315,,A,Normal value,0,Units,2,Two,,
DATAFLOW,OECD.SDD.STES:DSD_STES@DF_CLI(4.1),Composite leading indicators,I,NZL,New Zealand,M,Monthly,CCICP,Composite consumer confidence,IX,Index,_Z,Not applicable,AA,Amplitude adjusted,IX,Index,_Z,Not applicable,H,OECD harmonised,2005-10,,100.9657,,A,Normal value,0,Units,2,Two,,
DATAFLOW,OECD.SDD.STES:DSD_STES@DF_CLI(4.1),Composite leading indicators,I,NZL,New Zealand,M,Monthly,CCICP,Composite consumer confidence,IX,Index,_Z,Not applicable,AA,Amplitude adjusted,IX,Index,_Z,Not applicable,H,OECD harmonised,2005-11,,100.6382,,A,Normal value,0,Units,2,Two,,
DATAFLOW,OECD.SDD.STES:DSD_STES@DF_CLI(4.1),Composite leading indicators,I,NZL,New Zealand,M,Monthly,CCICP,Composite consumer confidence,IX,Index,_Z,Not applicable,AA,Amplitude adjusted,IX,Index,_Z,Not applicable,H,OECD harmonised,2005-12,,100.3584,,A,Normal value,0,Units,2,Two,,
DATAFLOW,OECD.SDD.STES:DSD_STES@DF_CLI(4.1),Composite leading indicators,I,NZL,New Zealand,M,Monthly,CCICP,Composite consumer confidence,IX,Index,_Z,Not applicable,AA,Amplitude adjusted,IX,Index,_Z,Not applicable,H,OECD harmonised,2006-01,,100.2075,,A,Normal value,0,Units,2,Two,,
DATAFLOW,OECD.SDD.STES:DSD_STES@DF_CLI(4.1),Composite leading indicators,I,NZL,New Zealand,M,Monthly,CCICP,Composite consumer confidence,IX,Index,_Z,Not applicable,AA,Amplitude adjusted,IX,Index,_Z,Not applicable,H,OECD harmonised,2006-02,,100.1323,,A,Normal value,0,Units,2,Two,,
DATAFLOW,OECD.SDD.STES:DSD_STES@DF_CLI(4.1),Composite leading indicators,I,NZL,New Zealand,M,Monthly,CCICP,Composite consumer confidence,IX,Index,_Z,Not applicable,AA,Amplitude adjusted,IX,Index,_Z,Not applicable,H,OECD harmonised,2006-03,,100.0658,,A,Normal value,0,Units,2,Two,,
DATAFLOW,OECD.SDD.STES:DSD_STES@DF_CLI(4.1),Composite leading indicators,I,NZL,New Zealand,M,Monthly,CCICP,Composite consumer confidence,IX,Index,_Z,Not applicable,AA,Amplitude adjusted,IX,Index,_Z,Not applicable,H,OECD harmonised,2006-04,,99.97193,,A,Normal value,0,Units,2,Two,,
DATAFLOW,OECD.SDD.STES:DSD_STES@DF_CLI(4.1),Composite leading indicators,I,NZL,New Zealand,M,Monthly,CCICP,Composite consumer confidence,IX,Index,_Z,Not applicable,AA,Amplitude adjusted,IX,Index,_Z,Not applicable,H,OECD harmonised,2006-05,,99.88116,,A,Normal value,0,Units,2,Two,,
DATAFLOW,OECD.SDD.STES:DSD_STES@DF_CLI(4.1),Composite leading indicators,I,NZL,New Zealand,M,Monthly,CCICP,Composite consumer confidence,IX,Index,_Z,Not applicable,AA,Amplitude adjusted,IX,Index,_Z,Not applicable,H,OECD harmonised,2006-06,,99.85885,,A,Normal value,0,Units,2,Two,,
DATAFLOW,OECD.SDD.STES:DSD_STES@DF_CLI(4.1),Composite leading indicators,I,NZL,New Zealand,M,Monthly,CCICP,Composite consumer confidence,IX,Index,_Z,Not applicable,AA,Amplitude adjusted,IX,Index,_Z,Not applicable,H,OECD harmonised,2006-07,,99.96975,,A,Normal value,0,Units,2,Two,,
DATAFLOW,OECD.SDD.STES:DSD_STES@DF_CLI(4.1),Composite leading indicators,I,NZL,New Zealand,M,Monthly,CCICP,Composite consumer confidence,IX,Index,_Z,Not applicable,AA,Amplitude adjusted,IX,Index,_Z,Not applicable,H,OECD harmonised,2006-08,,100.1745,,A,Normal value,0,Units,2,Two,,
DATAFLOW,OECD.SDD.STES:DSD_STES@DF_CLI(4.1),Composite leading indicators,I,NZL,New Zealand,M,Monthly,CCICP,Composite consumer confidence,IX,Index,_Z,Not applicable,AA,Amplitude adjusted,IX,Index,_Z,Not applicable,H,OECD harmonised,2006-09,,100.4361,,A,Normal value,0,Units,2,Two,,
DATAFLOW,OECD.SDD.STES:DSD_STES@DF_CLI(4.1),Composite leading indicators,I,NZL,New Zealand,M,Monthly,CCICP,Composite consumer confidence,IX,Index,_Z,Not applicable,AA,Amplitude adjusted,IX,Index,_Z,Not applicable,H,OECD harmonised,2006-10,,100.7332,,A,Normal value,0,Units,2,Two,,
DATAFLOW,OECD.SDD.STES:DSD_STES@DF_CLI(4.1),Composite leading indicators,I,NZL,New Zealand,M,Monthly,CCICP,Composite consumer confidence,IX,Index,_Z,Not applicable,AA,Amplitude adjusted,IX,Index,_Z,Not applicable,H,OECD harmonised,2006-11,,101.0156,,A,Normal value,0,Units,2,Two,,
DATAFLOW,OECD.SDD.STES:DSD_STES@DF_CLI(4.1),Composite leading indicators,I,NZL,New Zealand,M,Monthly,CCICP,Composite consumer confidence,IX,Index,_Z,Not applicable,AA,Amplitude adjusted,IX,Index,_Z,Not applicable,H,OECD harmonised,2006-12,,101.2129,,A,Normal value,0,Units,2,Two,,
DATAFLOW,OECD.SDD.STES:DSD_STES@DF_CLI(4.1),Composite leading indicators,I,NZL,New Zealand,M,Monthly,CCICP,Composite consumer confidence,IX,Index,_Z,Not applicable,AA,Amplitude adjusted,IX,Index,_Z,Not applicable,H,OECD harmonised,2007-01,,101.257,,A,Normal value,0,Units,2,Two,,
DATAFLOW,OECD.SDD.STES:DSD_STES@DF_CLI(4.1),Composite leading indicators,I,NZL,New Zealand,M,Monthly,CCICP,Composite consumer confidence,IX,Index,_Z,Not applicable,AA,Amplitude adjusted,IX,Index,_Z,Not applicable,H,OECD harmonised,2007-02,,101.1909,,A,Normal value,0,Units,2,Two,,
DATAFLOW,OECD.SDD.STES:DSD_STES@DF_CLI(4.1),Composite leading indicators,I,NZL,New Zealand,M,Monthly,CCICP,Composite consumer confidence,IX,Index,_Z,Not applicable,AA,Amplitude adjusted,IX,Index,_Z,Not applicable,H,OECD harmonised,2007-03,,101.0479,,A,Normal value,0,Units,2,Two,,
DATAFLOW,OECD.SDD.STES:DSD_STES@DF_CLI(4.1),Composite leading indicators,I,NZL,New Zealand,M,Monthly,CCICP,Composite consumer confidence,IX,Index,_Z,Not applicable,AA,Amplitude adjusted,IX,Index,_Z,Not applicable,H,OECD harmonised,2007-04,,100.8412,,A,Normal value,0,Units,2,Two,,
DATAFLOW,OECD.SDD.STES:DSD_STES@DF_CLI(4.1),Composite leading indicators,I,NZL,New Zealand,M,Monthly,CCICP,Composite consumer confidence,IX,Index,_Z,Not applicable,AA,Amplitude adjusted,IX,Index,_Z,Not applicable,H,OECD harmonised,2007-05,,100.6307,,A,Normal value,0,Units,2,Two,,
DATAFLOW,OECD.SDD.STES:DSD_STES@DF_CLI(4.1),Composite leading indicators,I,NZL,New Zealand,M,Monthly,CCICP,Composite consumer confidence,IX,Index,_Z,Not applicable,AA,Amplitude adjusted,IX,Index,_Z,Not applicable,H,OECD harmonised,2007-06,,100.4893,,A,Normal value,0,Units,2,Two,,
DATAFLOW,OECD.SDD.STES:DSD_STES@DF_CLI(4.1),Composite leading indicators,I,NZL,New Zealand,M,Monthly,CCICP,Composite consumer confidence,IX,Index,_Z,Not applicable,AA,Amplitude adjusted,IX,Index,_Z,Not applicable,H,OECD harmonised,2007-07,,100.4726,,A,Normal value,0,Units,2,Two,,
DATAFLOW,OECD.SDD.STES:DSD_STES@DF_CLI(4.1),Composite leading indicators,I,NZL,New Zealand,M,Monthly,CCICP,Composite consumer confidence,IX,Index,_Z,Not applicable,AA,Amplitude adjusted,IX,Index,_Z,Not applicable,H,OECD harmonised,2007-08,,100.5202,,A,Normal value,0,Units,2,Two,,
DATAFLOW,OECD.SDD.STES:DSD_STES@DF_CLI(4.1),Composite leading indicators,I,NZL,New Zealand,M,Monthly,CCICP,Composite consumer confidence,IX,Index,_Z,Not applicable,AA,Amplitude adjusted,IX,Index,_Z,Not applicable,H,OECD harmonised,2007-09,,100.5524,,A,Normal value,0,Units,2,Two,,
DATAFLOW,OECD.SDD.STES:DSD_STES@DF_CLI(4.1),Composite leading indicators,I,NZL,New Zealand,M,Monthly,CCICP,Composite consumer confidence,IX,Index,_Z,Not applicable,AA,Amplitude adjusted,IX,Index,_Z,Not applicable,H,OECD harmonised,2007-10,,100.5026,,A,Normal value,0,Units,2,Two,,
DATAFLOW,OECD.SDD.STES:DSD_STES@DF_CLI(4.1),Composite leading indicators,I,NZL,New Zealand,M,Monthly,CCICP,Composite consumer confidence,IX,Index,_Z,Not applicable,AA,Amplitude adjusted,IX,Index,_Z,Not applicable,H,OECD harmonised,2007-11,,100.3654,,A,Normal value,0,Units,2,Two,,
DATAFLOW,OECD.SDD.STES:DSD_STES@DF_CLI(4.1),Composite leading indicators,I,NZL,New Zealand,M,Monthly,CCICP,Composite consumer confidence,IX,Index,_Z,Not applicable,AA,Amplitude adjusted,IX,Index,_Z,Not applicable,H,OECD harmonised,2007-12,,100.1132,,A,Normal value,0,Units,2,Two,,
DATAFLOW,OECD.SDD.STES:DSD_STES@DF_CLI(4.1),Composite leading indicators,I,NZL,New Zealand,M,Monthly,CCICP,Composite consumer confidence,IX,Index,_Z,Not applicable,AA,Amplitude adjusted,IX,Index,_Z,Not applicable,H,OECD harmonised,2008-01,,99.6988,,A,Normal value,0,Units,2,Two,,
DATAFLOW,OECD.SDD.STES:DSD_STES@DF_CLI(4.1),Composite leading indicators,I,NZL,New Zealand,M,Monthly,CCICP,Composite consumer confidence,IX,Index,_Z,Not applicable,AA,Amplitude adjusted,IX,Index,_Z,Not applicable,H,OECD harmonised,2008-02,,99.17499,,A,Normal value,0,Units,2,Two,,
DATAFLOW,OECD.SDD.STES:DSD_STES@DF_CLI(4.1),Composite leading indicators,I,NZL,New Zealand,M,Monthly,CCICP,Composite consumer confidence,IX,Index,_Z,Not applicable,AA,Amplitude adjusted,IX,Index,_Z,Not applicable,H,OECD harmonised,2008-03,,98.59301,,A,Normal value,0,Units,2,Two,,
DATAFLOW,OECD.SDD.STES:DSD_STES@DF_CLI(4.1),Composite leading indicators,I,NZL,New Zealand,M,Monthly,CCICP,Composite consumer confidence,IX,Index,_Z,Not applicable,AA,Amplitude adjusted,IX,Index,_Z,Not applicable,H,OECD harmonised,2008-04,,98.0112,,A,Normal value,0,Units,2,Two,,
DATAFLOW,OECD.SDD.STES:DSD_STES@DF_CLI(4.1),Composite leading indicators,I,NZL,New Zealand,M,Monthly,CCICP,Composite consumer confidence,IX,Index,_Z,Not applicable,AA,Amplitude adjusted,IX,Index,_Z,Not applicable,H,OECD harmonised,2008-05,,97.56158,,A,Normal value,0,Units,2,Two,,
DATAFLOW,OECD.SDD.STES:DSD_STES@DF_CLI(4.1),Composite leading indicators,I,NZL,New Zealand,M,Monthly,CCICP,Composite consumer confidence,IX,Index,_Z,Not applicable,AA,Amplitude adjusted,IX,Index,_Z,Not applicable,H,OECD harmonised,2008-06,,97.46667,,A,Normal value,0,Units,2,Two,,
DATAFLOW,OECD.SDD.STES:DSD_STES@DF_CLI(4.1),Composite leading indicators,I,NZL,New Zealand,M,Monthly,CCICP,Composite consumer confidence,IX,Index,_Z,Not applicable,AA,Amplitude adjusted,IX,Index,_Z,Not applicable,H,OECD harmonised,2008-07,,97.92413,,A,Normal value,0,Units,2,Two,,
DATAFLOW,OECD.SDD.STES:DSD_STES@DF_CLI(4.1),Composite leading indicators,I,NZL,New Zealand,M,Monthly,CCICP,Composite consumer confidence,IX,Index,_Z,Not applicable,AA,Amplitude adjusted,IX,Index,_Z,Not applicable,H,OECD harmonised,2008-08,,98.6367,,A,Normal value,0,Units,2,Two,,
DATAFLOW,OECD.SDD.STES:DSD_STES@DF_CLI(4.1),Composite leading indicators,I,NZL,New Zealand,M,Monthly,CCICP,Composite consumer confidence,IX,Index,_Z,Not applicable,AA,Amplitude adjusted,IX,Index,_Z,Not applicable,H,OECD harmonised,2008-09,,99.23655,,A,Normal value,0,Units,2,Two,,
DATAFLOW,OECD.SDD.STES:DSD_STES@DF_CLI(4.1),Composite leading indicators,I,NZL,New Zealand,M,Monthly,CCICP,Composite consumer confidence,IX,Index,_Z,Not applicable,AA,Amplitude adjusted,IX,Index,_Z,Not applicable,H,OECD harmonised,2008-10,,99.4546,,A,Normal value,0,Units,2,Two,,
DATAFLOW,OECD.SDD.STES:DSD_STES@DF_CLI(4.1),Composite leading indicators,I,NZL,New Zealand,M,Monthly,CCICP,Composite consumer confidence,IX,Index,_Z,Not applicable,AA,Amplitude adjusted,IX,Index,_Z,Not applicable,H,OECD harmonised,2008-11,,99.40243,,A,Normal value,0,Units,2,Two,,
DATAFLOW,OECD.SDD.STES:DSD_STES@DF_CLI(4.1),Composite leading indicators,I,NZL,New Zealand,M,Monthly,CCICP,Composite consumer confidence,IX,Index,_Z,Not applicable,AA,Amplitude adjusted,IX,Index,_Z,Not applicable,H,OECD harmonised,2008-12,,99.22066,,A,Normal value,0,Units,2,Two,,
DATAFLOW,OECD.SDD.STES:DSD_STES@DF_CLI(4.1),Composite leading indicators,I,NZL,New Zealand,M,Monthly,CCICP,Composite consumer confidence,IX,Index,_Z,Not applicable,AA,Amplitude adjusted,IX,Index,_Z,Not applicable,H,OECD harmonised,2009-01,,98.99753,,A,Normal value,0,Units,2,Two,,
DATAFLOW,OECD.SDD.STES:DSD_STES@DF_CLI(4.1),Composite leading indicators,I,NZL,New Zealand,M,Monthly,CCICP,Composite consumer confidence,IX,Index,_Z,Not applicable,AA,Amplitude adjusted,IX,Index,_Z,Not applicable,H,OECD harmonised,2009-02,,98.81701,,A,Normal value,0,Units,2,Two,,
DATAFLOW,OECD.SDD.STES:DSD_STES@DF_CLI(4.1),Composite leading indicators,I,NZL,New Zealand,M,Monthly,CCICP,Composite consumer confidence,IX,Index,_Z,Not applicable,AA,Amplitude adjusted,IX,Index,_Z,Not applicable,H,OECD harmonised,2009-03,,98.77962,,A,Normal value,0,Units,2,Two,,
DATAFLOW,OECD.SDD.STES:DSD_STES@DF_CLI(4.1),Composite leading indicators,I,NZL,New Zealand,M,Monthly,CCICP,Composite consumer confidence,IX,Index,_Z,Not applicable,AA,Amplitude adjusted,IX,Index,_Z,Not applicable,H,OECD harmonised,2009-04,,98.98064,,A,Normal value,0,Units,2,Two,,
DATAFLOW,OECD.SDD.STES:DSD_STES@DF_CLI(4.1),Composite leading indicators,I,NZL,New Zealand,M,Monthly,CCICP,Composite consumer confidence,IX,Index,_Z,Not applicable,AA,Amplitude adjusted,IX,Index,_Z,Not applicable,H,OECD harmonised,2009-05,,99.34517,,A,Normal value,0,Units,2,Two,,
DATAFLOW,OECD.SDD.STES:DSD_STES@DF_CLI(4.1),Composite leading indicators,I,NZL,New Zealand,M,Monthly,CCICP,Composite consumer confidence,IX,Index,_Z,Not applicable,AA,Amplitude adjusted,IX,Index,_Z,Not applicable,H,OECD harmonised,2009-06,,99.80882,,A,Normal value,0,Units,2,Two,,
DATAFLOW,OECD.SDD.STES:DSD_STES@DF_CLI(4.1),Composite leading indicators,I,NZL,New Zealand,M,Monthly,CCICP,Composite consumer confidence,IX,Index,_Z,Not applicable,AA,Amplitude adjusted,IX,Index,_Z,Not applicable,H,OECD harmonised,2009-07,,100.335,,A,Normal value,0,Units,2,Two,,
DATAFLOW,OECD.SDD.STES:DSD_STES@DF_CLI(4.1),Composite leading indicators,I,NZL,New Zealand,M,Monthly,CCICP,Composite consumer confidence,IX,Index,_Z,Not applicable,AA,Amplitude adjusted,IX,Index,_Z,Not applicable,H,OECD harmonised,2009-08,,100.8329,,A,Normal value,0,Units,2,Two,,
DATAFLOW,OECD.SDD.STES:DSD_STES@DF_CLI(4.1),Composite leading indicators,I,NZL,New Zealand,M,Monthly,CCICP,Composite consumer confidence,IX,Index,_Z,Not applicable,AA,Amplitude adjusted,IX,Index,_Z,Not applicable,H,OECD harmonised,2009-09,,101.1774,,A,Normal value,0,Units,2,Two,,
DATAFLOW,OECD.SDD.STES:DSD_STES@DF_CLI(4.1),Composite leading indicators,I,NZL,New Zealand,M,Monthly,CCICP,Composite consumer confidence,IX,Index,_Z,Not applicable,AA,Amplitude adjusted,IX,Index,_Z,Not applicable,H,OECD harmonised,2009-10,,101.2568,,A,Normal value,0,Units,2,Two,,
DATAFLOW,OECD.SDD.STES:DSD_STES@DF_CLI(4.1),Composite leading indicators,I,NZL,New Zealand,M,Monthly,CCICP,Composite consumer confidence,IX,Index,_Z,Not applicable,AA,Amplitude adjusted,IX,Index,_Z,Not applicable,H,OECD harmonised,2009-11,,101.1744,,A,Normal value,0,Units,2,Two,,
DATAFLOW,OECD.SDD.STES:DSD_STES@DF_CLI(4.1),Composite leading indicators,I,NZL,New Zealand,M,Monthly,CCICP,Composite consumer confidence,IX,Index,_Z,Not applicable,AA,Amplitude adjusted,IX,Index,_Z,Not applicable,H,OECD harmonised,2009-12,,101.0391,,A,Normal value,0,Units,2,Two,,
DATAFLOW,OECD.SDD.STES:DSD_STES@DF_CLI(4.1),Composite leading indicators,I,NZL,New Zealand,M,Monthly,CCICP,Composite consumer confidence,IX,Index,_Z,Not applicable,AA,Amplitude adjusted,IX,Index,_Z,Not applicable,H,OECD harmonised,2010-01,,100.9184,,A,Normal value,0,Units,2,Two,,
DATAFLOW,OECD.SDD.STES:DSD_STES@DF_CLI(4.1),Composite leading indicators,I,NZL,New Zealand,M,Monthly,CCICP,Composite consumer confidence,IX,Index,_Z,Not applicable,AA,Amplitude adjusted,IX,Index,_Z,Not applicable,H,OECD harmonised,2010-02,,100.8434,,A,Normal value,0,Units,2,Two,,
DATAFLOW,OECD.SDD.STES:DSD_STES@DF_CLI(4.1),Composite leading indicators,I,NZL,New Zealand,M,Monthly,CCICP,Composite consumer confidence,IX,Index,_Z,Not applicable,AA,Amplitude adjusted,IX,Index,_Z,Not applicable,H,OECD harmonised,2010-03,,100.8461,,A,Normal value,0,Units,2,Two,,
DATAFLOW,OECD.SDD.STES:DSD_STES@DF_CLI(4.1),Composite leading indicators,I,NZL,New Zealand,M,Monthly,CCICP,Composite consumer confidence,IX,Index,_Z,Not applicable,AA,Amplitude adjusted,IX,Index,_Z,Not applicable,H,OECD harmonised,2010-04,,100.95,,A,Normal value,0,Units,2,Two,,
DATAFLOW,OECD.SDD.STES:DSD_STES@DF_CLI(4.1),Composite leading indicators,I,NZL,New Zealand,M,Monthly,CCICP,Composite consumer confidence,IX,Index,_Z,Not applicable,AA,Amplitude adjusted,IX,Index,_Z,Not applicable,H,OECD harmonised,2010-05,,101.0836,,A,Normal value,0,Units,2,Two,,
DATAFLOW,OECD.SDD.STES:DSD_STES@DF_CLI(4.1),Composite leading indicators,I,NZL,New Zealand,M,Monthly,CCICP,Composite consumer confidence,IX,Index,_Z,Not applicable,AA,Amplitude adjusted,IX,Index,_Z,Not applicable,H,OECD harmonised,2010-06,,101.1518,,A,Normal value,0,Units,2,Two,,
DATAFLOW,OECD.SDD.STES:DSD_STES@DF_CLI(4.1),Composite leading indicators,I,NZL,New Zealand,M,Monthly,CCICP,Composite consumer confidence,IX,Index,_Z,Not applicable,AA,Amplitude adjusted,IX,Index,_Z,Not applicable,H,OECD harmonised,2010-07,,101.0783,,A,Normal value,0,Units,2,Two,,
DATAFLOW,OECD.SDD.STES:DSD_STES@DF_CLI(4.1),Composite leading indicators,I,NZL,New Zealand,M,Monthly,CCICP,Composite consumer confidence,IX,Index,_Z,Not applicable,AA,Amplitude adjusted,IX,Index,_Z,Not applicable,H,OECD harmonised,2010-08,,100.9129,,A,Normal value,0,Units,2,Two,,
DATAFLOW,OECD.SDD.STES:DSD_STES@DF_CLI(4.1),Composite leading indicators,I,NZL,New Zealand,M,Monthly,CCICP,Composite consumer confidence,IX,Index,_Z,Not applicable,AA,Amplitude adjusted,IX,Index,_Z,Not applicable,H,OECD harmonised,2010-09,,100.7063,,A,Normal value,0,Units,2,Two,,
DATAFLOW,OECD.SDD.STES:DSD_STES@DF_CLI(4.1),Composite leading indicators,I,NZL,New Zealand,M,Monthly,CCICP,Composite consumer confidence,IX,Index,_Z,Not applicable,AA,Amplitude adjusted,IX,Index,_Z,Not applicable,H,OECD harmonised,2010-10,,100.4774,,A,Normal value,0,Units,2,Two,,
DATAFLOW,OECD.SDD.STES:DSD_STES@DF_CLI(4.1),Composite leading indicators,I,NZL,New Zealand,M,Monthly,CCICP,Composite consumer confidence,IX,Index,_Z,Not applicable,AA,Amplitude adjusted,IX,Index,_Z,Not applicable,H,OECD harmonised,2010-11,,100.2207,,A,Normal value,0,Units,2,Two,,
DATAFLOW,OECD.SDD.STES:DSD_STES@DF_CLI(4.1),Composite leading indicators,I,NZL,New Zealand,M,Monthly,CCICP,Composite consumer confidence,IX,Index,_Z,Not applicable,AA,Amplitude adjusted,IX,Index,_Z,Not applicable,H,OECD harmonised,2010-12,,99.91463,,A,Normal value,0,Units,2,Two,,
DATAFLOW,OECD.SDD.STES:DSD_STES@DF_CLI(4.1),Composite leading indicators,I,NZL,New Zealand,M,Monthly,CCICP,Composite consumer confidence,IX,Index,_Z,Not applicable,AA,Amplitude adjusted,IX,Index,_Z,Not applicable,H,OECD harmonised,2011-01,,99.55603,,A,Normal value,0,Units,2,Two,,
DATAFLOW,OECD.SDD.STES:DSD_STES@DF_CLI(4.1),Composite leading indicators,I,NZL,New Zealand,M,Monthly,CCICP,Composite consumer confidence,IX,Index,_Z,Not applicable,AA,Amplitude adjusted,IX,Index,_Z,Not applicable,H,OECD harmonised,2011-02,,99.24535,,A,Normal value,0,Units,2,Two,,
DATAFLOW,OECD.SDD.STES:DSD_STES@DF_CLI(4.1),Composite leading indicators,I,NZL,New Zealand,M,Monthly,CCICP,Composite consumer confidence,IX,Index,_Z,Not applicable,AA,Amplitude adjusted,IX,Index,_Z,Not applicable,H,OECD harmonised,2011-03,,99.14804,,A,Normal value,0,Units,2,Two,,
DATAFLOW,OECD.SDD.STES:DSD_STES@DF_CLI(4.1),Composite leading indicators,I,NZL,New Zealand,M,Monthly,CCICP,Composite consumer confidence,IX,Index,_Z,Not applicable,AA,Amplitude adjusted,IX,Index,_Z,Not applicable,H,OECD harmonised,2011-04,,99.40826,,A,Normal value,0,Units,2,Two,,
DATAFLOW,OECD.SDD.STES:DSD_STES@DF_CLI(4.1),Composite leading indicators,I,NZL,New Zealand,M,Monthly,CCICP,Composite consumer confidence,IX,Index,_Z,Not applicable,AA,Amplitude adjusted,IX,Index,_Z,Not applicable,H,OECD harmonised,2011-05,,99.84913,,A,Normal value,0,Units,2,Two,,
DATAFLOW,OECD.SDD.STES:DSD_STES@DF_CLI(4.1),Composite leading indicators,I,NZL,New Zealand,M,Monthly,CCICP,Composite consumer confidence,IX,Index,_Z,Not applicable,AA,Amplitude adjusted,IX,Index,_Z,Not applicable,H,OECD harmonised,2011-06,,100.2508,,A,Normal value,0,Units,2,Two,,
DATAFLOW,OECD.SDD.STES:DSD_STES@DF_CLI(4.1),Composite leading indicators,I,NZL,New Zealand,M,Monthly,CCICP,Composite consumer confidence,IX,Index,_Z,Not applicable,AA,Amplitude adjusted,IX,Index,_Z,Not applicable,H,OECD harmonised,2011-07,,100.448,,A,Normal value,0,Units,2,Two,,
DATAFLOW,OECD.SDD.STES:DSD_STES@DF_CLI(4.1),Composite leading indicators,I,NZL,New Zealand,M,Monthly,CCICP,Composite consumer confidence,IX,Index,_Z,Not applicable,AA,Amplitude adjusted,IX,Index,_Z,Not applicable,H,OECD harmonised,2011-08,,100.4662,,A,Normal value,0,Units,2,Two,,
DATAFLOW,OECD.SDD.STES:DSD_STES@DF_CLI(4.1),Composite leading indicators,I,NZL,New Zealand,M,Monthly,CCICP,Composite consumer confidence,IX,Index,_Z,Not applicable,AA,Amplitude adjusted,IX,Index,_Z,Not applicable,H,OECD harmonised,2011-09,,100.3247,,A,Normal value,0,Units,2,Two,,
DATAFLOW,OECD.SDD.STES:DSD_STES@DF_CLI(4.1),Composite leading indicators,I,NZL,New Zealand,M,Monthly,CCICP,Composite consumer confidence,IX,Index,_Z,Not applicable,AA,Amplitude adjusted,IX,Index,_Z,Not applicable,H,OECD harmonised,2011-10,,100.0187,,A,Normal value,0,Units,2,Two,,
DATAFLOW,OECD.SDD.STES:DSD_STES@DF_CLI(4.1),Composite leading indicators,I,NZL,New Zealand,M,Monthly,CCICP,Composite consumer confidence,IX,Index,_Z,Not applicable,AA,Amplitude adjusted,IX,Index,_Z,Not applicable,H,OECD harmonised,2011-11,,99.6602,,A,Normal value,0,Units,2,Two,,
DATAFLOW,OECD.SDD.STES:DSD_STES@DF_CLI(4.1),Composite leading indicators,I,NZL,New Zealand,M,Monthly,CCICP,Composite consumer confidence,IX,Index,_Z,Not applicable,AA,Amplitude adjusted,IX,Index,_Z,Not applicable,H,OECD harmonised,2011-12,,99.37596,,A,Normal value,0,Units,2,Two,,
DATAFLOW,OECD.SDD.STES:DSD_STES@DF_CLI(4.1),Composite leading indicators,I,NZL,New Zealand,M,Monthly,CCICP,Composite consumer confidence,IX,Index,_Z,Not applicable,AA,Amplitude adjusted,IX,Index,_Z,Not applicable,H,OECD harmonised,2012-01,,99.25741,,A,Normal value,0,Units,2,Two,,
DATAFLOW,OECD.SDD.STES:DSD_STES@DF_CLI(4.1),Composite leading indicators,I,NZL,New Zealand,M,Monthly,CCICP,Composite consumer confidence,IX,Index,_Z,Not applicable,AA,Amplitude adjusted,IX,Index,_Z,Not applicable,H,OECD harmonised,2012-02,,99.2364,,A,Normal value,0,Units,2,Two,,
DATAFLOW,OECD.SDD.STES:DSD_STES@DF_CLI(4.1),Composite leading indicators,I,NZL,New Zealand,M,Monthly,CCICP,Composite consumer confidence,IX,Index,_Z,Not applicable,AA,Amplitude adjusted,IX,Index,_Z,Not applicable,H,OECD harmonised,2012-03,,99.23053,,A,Normal value,0,Units,2,Two,,
DATAFLOW,OECD.SDD.STES:DSD_STES@DF_CLI(4.1),Composite leading indicators,I,NZL,New Zealand,M,Monthly,CCICP,Composite consumer confidence,IX,Index,_Z,Not applicable,AA,Amplitude adjusted,IX,Index,_Z,Not applicable,H,OECD harmonised,2012-04,,99.19086,,A,Normal value,0,Units,2,Two,,
DATAFLOW,OECD.SDD.STES:DSD_STES@DF_CLI(4.1),Composite leading indicators,I,NZL,New Zealand,M,Monthly,CCICP,Composite consumer confidence,IX,Index,_Z,Not applicable,AA,Amplitude adjusted,IX,Index,_Z,Not applicable,H,OECD harmonised,2012-05,,99.13448,,A,Normal value,0,Units,2,Two,,
DATAFLOW,OECD.SDD.STES:DSD_STES@DF_CLI(4.1),Composite leading indicators,I,NZL,New Zealand,M,Monthly,CCICP,Composite consumer confidence,IX,Index,_Z,Not applicable,AA,Amplitude adjusted,IX,Index,_Z,Not applicable,H,OECD harmonised,2012-06,,99.10403,,A,Normal value,0,Units,2,Two,,
DATAFLOW,OECD.SDD.STES:DSD_STES@DF_CLI(4.1),Composite leading indicators,I,NZL,New Zealand,M,Monthly,CCICP,Composite consumer confidence,IX,Index,_Z,Not applicable,AA,Amplitude adjusted,IX,Index,_Z,Not applicable,H,OECD harmonised,2012-07,,99.14394,,A,Normal value,0,Units,2,Two,,
DATAFLOW,OECD.SDD.STES:DSD_STES@DF_CLI(4.1),Composite leading indicators,I,NZL,New Zealand,M,Monthly,CCICP,Composite consumer confidence,IX,Index,_Z,Not applicable,AA,Amplitude adjusted,IX,Index,_Z,Not applicable,H,OECD harmonised,2012-08,,99.25069,,A,Normal value,0,Units,2,Two,,
DATAFLOW,OECD.SDD.STES:DSD_STES@DF_CLI(4.1),Composite leading indicators,I,NZL,New Zealand,M,Monthly,CCICP,Composite consumer confidence,IX,Index,_Z,Not applicable,AA,Amplitude adjusted,IX,Index,_Z,Not applicable,H,OECD harmonised,2012-09,,99.43211,,A,Normal value,0,Units,2,Two,,
DATAFLOW,OECD.SDD.STES:DSD_STES@DF_CLI(4.1),Composite leading indicators,I,NZL,New Zealand,M,Monthly,CCICP,Composite consumer confidence,IX,Index,_Z,Not applicable,AA,Amplitude adjusted,IX,Index,_Z,Not applicable,H,OECD harmonised,2012-10,,99.69996,,A,Normal value,0,Units,2,Two,,
DATAFLOW,OECD.SDD.STES:DSD_STES@DF_CLI(4.1),Composite leading indicators,I,NZL,New Zealand,M,Monthly,CCICP,Composite consumer confidence,IX,Index,_Z,Not applicable,AA,Amplitude adjusted,IX,Index,_Z,Not applicable,H,OECD harmonised,2012-11,,99.98771,,A,Normal value,0,Units,2,Two,,
DATAFLOW,OECD.SDD.STES:DSD_STES@DF_CLI(4.1),Composite leading indicators,I,NZL,New Zealand,M,Monthly,CCICP,Composite consumer confidence,IX,Index,_Z,Not applicable,AA,Amplitude adjusted,IX,Index,_Z,Not applicable,H,OECD harmonised,2012-12,,100.211,,A,Normal value,0,Units,2,Two,,
DATAFLOW,OECD.SDD.STES:DSD_STES@DF_CLI(4.1),Composite leading indicators,I,NZL,New Zealand,M,Monthly,CCICP,Composite consumer confidence,IX,Index,_Z,Not applicable,AA,Amplitude adjusted,IX,Index,_Z,Not applicable,H,OECD harmonised,2013-01,,100.3082,,A,Normal value,0,Units,2,Two,,
DATAFLOW,OECD.SDD.STES:DSD_STES@DF_CLI(4.1),Composite leading indicators,I,NZL,New Zealand,M,Monthly,CCICP,Composite consumer confidence,IX,Index,_Z,Not applicable,AA,Amplitude adjusted,IX,Index,_Z,Not applicable,H,OECD harmonised,2013-02,,100.3455,,A,Normal value,0,Units,2,Two,,
DATAFLOW,OECD.SDD.STES:DSD_STES@DF_CLI(4.1),Composite leading indicators,I,NZL,New Zealand,M,Monthly,CCICP,Composite consumer confidence,IX,Index,_Z,Not applicable,AA,Amplitude adjusted,IX,Index,_Z,Not applicable,H,OECD harmonised,2013-03,,100.4081,,A,Normal value,0,Units,2,Two,,
DATAFLOW,OECD.SDD.STES:DSD_STES@DF_CLI(4.1),Composite leading indicators,I,NZL,New Zealand,M,Monthly,CCICP,Composite consumer confidence,IX,Index,_Z,Not applicable,AA,Amplitude adjusted,IX,Index,_Z,Not applicable,H,OECD harmonised,2013-04,,100.5516,,A,Normal value,0,Units,2,Two,,
DATAFLOW,OECD.SDD.STES:DSD_STES@DF_CLI(4.1),Composite leading indicators,I,NZL,New Zealand,M,Monthly,CCICP,Composite consumer confidence,IX,Index,_Z,Not applicable,AA,Amplitude adjusted,IX,Index,_Z,Not applicable,H,OECD harmonised,1988-10,,98.78236,,A,Normal value,0,Units,2,Two,,
DATAFLOW,OECD.SDD.STES:DSD_STES@DF_CLI(4.1),Composite leading indicators,I,NZL,New Zealand,M,Monthly,CCICP,Composite consumer confidence,IX,Index,_Z,Not applicable,AA,Amplitude adjusted,IX,Index,_Z,Not applicable,H,OECD harmonised,1988-11,,98.80337,,A,Normal value,0,Units,2,Two,,
DATAFLOW,OECD.SDD.STES:DSD_STES@DF_CLI(4.1),Composite leading indicators,I,NZL,New Zealand,M,Monthly,CCICP,Composite consumer confidence,IX,Index,_Z,Not applicable,AA,Amplitude adjusted,IX,Index,_Z,Not applicable,H,OECD harmonised,1988-12,,98.84259,,A,Normal value,0,Units,2,Two,,
DATAFLOW,OECD.SDD.STES:DSD_STES@DF_CLI(4.1),Composite leading indicators,I,NZL,New Zealand,M,Monthly,CCICP,Composite consumer confidence,IX,Index,_Z,Not applicable,AA,Amplitude adjusted,IX,Index,_Z,Not applicable,H,OECD harmonised,1989-01,,98.93929,,A,Normal value,0,Units,2,Two,,
DATAFLOW,OECD.SDD.STES:DSD_STES@DF_CLI(4.1),Composite leading indicators,I,NZL,New Zealand,M,Monthly,CCICP,Composite consumer confidence,IX,Index,_Z,Not applicable,AA,Amplitude adjusted,IX,Index,_Z,Not applicable,H,OECD harmonised,1989-02,,99.05992,,A,Normal value,0,Units,2,Two,,
DATAFLOW,OECD.SDD.STES:DSD_STES@DF_CLI(4.1),Composite leading indicators,I,NZL,New Zealand,M,Monthly,CCICP,Composite consumer confidence,IX,Index,_Z,Not applicable,AA,Amplitude adjusted,IX,Index,_Z,Not applicable,H,OECD harmonised,1993-10,,101.9398,,A,Normal value,0,Units,2,Two,,
DATAFLOW,OECD.SDD.STES:DSD_STES@DF_CLI(4.1),Composite leading indicators,I,NZL,New Zealand,M,Monthly,CCICP,Composite consumer confidence,IX,Index,_Z,Not applicable,AA,Amplitude adjusted,IX,Index,_Z,Not applicable,H,OECD harmonised,1993-11,,101.9337,,A,Normal value,0,Units,2,Two,,
DATAFLOW,OECD.SDD.STES:DSD_STES@DF_CLI(4.1),Composite leading indicators,I,NZL,New Zealand,M,Monthly,CCICP,Composite consumer confidence,IX,Index,_Z,Not applicable,AA,Amplitude adjusted,IX,Index,_Z,Not applicable,H,OECD harmonised,2015-08,,100.0431,,A,Normal value,0,Units,2,Two,,
DATAFLOW,OECD.SDD.STES:DSD_STES@DF_CLI(4.1),Composite leading indicators,I,NZL,New Zealand,M,Monthly,CCICP,Composite consumer confidence,IX,Index,_Z,Not applicable,AA,Amplitude adjusted,IX,Index,_Z,Not applicable,H,OECD harmonised,2015-09,,99.90997,,A,Normal value,0,Units,2,Two,,
DATAFLOW,OECD.SDD.STES:DSD_STES@DF_CLI(4.1),Composite leading indicators,I,NZL,New Zealand,M,Monthly,CCICP,Composite consumer confidence,IX,Index,_Z,Not applicable,AA,Amplitude adjusted,IX,Index,_Z,Not applicable,H,OECD harmonised,2015-10,,99.95166,,A,Normal value,0,Units,2,Two,,
DATAFLOW,OECD.SDD.STES:DSD_STES@DF_CLI(4.1),Composite leading indicators,I,NZL,New Zealand,M,Monthly,CCICP,Composite consumer confidence,IX,Index,_Z,Not applicable,AA,Amplitude adjusted,IX,Index,_Z,Not applicable,H,OECD harmonised,2015-11,,100.0844,,A,Normal value,0,Units,2,Two,,
DATAFLOW,OECD.SDD.STES:DSD_STES@DF_CLI(4.1),Composite leading indicators,I,NZL,New Zealand,M,Monthly,CCICP,Composite consumer confidence,IX,Index,_Z,Not applicable,AA,Amplitude adjusted,IX,Index,_Z,Not applicable,H,OECD harmonised,2015-12,,100.2067,,A,Normal value,0,Units,2,Two,,
DATAFLOW,OECD.SDD.STES:DSD_STES@DF_CLI(4.1),Composite leading indicators,I,NZL,New Zealand,M,Monthly,CCICP,Composite consumer confidence,IX,Index,_Z,Not applicable,AA,Amplitude adjusted,IX,Index,_Z,Not applicable,H,OECD harmonised,2016-01,,100.2466,,A,Normal value,0,Units,2,Two,,
DATAFLOW,OECD.SDD.STES:DSD_STES@DF_CLI(4.1),Composite leading indicators,I,NZL,New Zealand,M,Monthly,CCICP,Composite consumer confidence,IX,Index,_Z,Not applicable,AA,Amplitude adjusted,IX,Index,_Z,Not applicable,H,OECD harmonised,2016-02,,100.2179,,A,Normal value,0,Units,2,Two,,
DATAFLOW,OECD.SDD.STES:DSD_STES@DF_CLI(4.1),Composite leading indicators,I,NZL,New Zealand,M,Monthly,CCICP,Composite consumer confidence,IX,Index,_Z,Not applicable,AA,Amplitude adjusted,IX,Index,_Z,Not applicable,H,OECD harmonised,2016-03,,100.1391,,A,Normal value,0,Units,2,Two,,
DATAFLOW,OECD.SDD.STES:DSD_STES@DF_CLI(4.1),Composite leading indicators,I,NZL,New Zealand,M,Monthly,CCICP,Composite consumer confidence,IX,Index,_Z,Not applicable,AA,Amplitude adjusted,IX,Index,_Z,Not applicable,H,OECD harmonised,2016-04,,100.0197,,A,Normal value,0,Units,2,Two,,
DATAFLOW,OECD.SDD.STES:DSD_STES@DF_CLI(4.1),Composite leading indicators,I,NZL,New Zealand,M,Monthly,CCICP,Composite consumer confidence,IX,Index,_Z,Not applicable,AA,Amplitude adjusted,IX,Index,_Z,Not applicable,H,OECD harmonised,2016-05,,99.89687,,A,Normal value,0,Units,2,Two,,
DATAFLOW,OECD.SDD.STES:DSD_STES@DF_CLI(4.1),Composite leading indicators,I,NZL,New Zealand,M,Monthly,CCICP,Composite consumer confidence,IX,Index,_Z,Not applicable,AA,Amplitude adjusted,IX,Index,_Z,Not applicable,H,OECD harmonised,2016-06,,99.81786,,A,Normal value,0,Units,2,Two,,
DATAFLOW,OECD.SDD.STES:DSD_STES@DF_CLI(4.1),Composite leading indicators,I,NZL,New Zealand,M,Monthly,CCICP,Composite consumer confidence,IX,Index,_Z,Not applicable,AA,Amplitude adjusted,IX,Index,_Z,Not applicable,H,OECD harmonised,2016-07,,99.82506,,A,Normal value,0,Units,2,Two,,
DATAFLOW,OECD.SDD.STES:DSD_STES@DF_CLI(4.1),Composite leading indicators,I,NZL,New Zealand,M,Monthly,CCICP,Composite consumer confidence,IX,Index,_Z,Not applicable,AA,Amplitude adjusted,IX,Index,_Z,Not applicable,H,OECD harmonised,2016-08,,99.89767,,A,Normal value,0,Units,2,Two,,
DATAFLOW,OECD.SDD.STES:DSD_STES@DF_CLI(4.1),Composite leading indicators,I,NZL,New Zealand,M,Monthly,CCICP,Composite consumer confidence,IX,Index,_Z,Not applicable,AA,Amplitude adjusted,IX,Index,_Z,Not applicable,H,OECD harmonised,2016-09,,100.0208,,A,Normal value,0,Units,2,Two,,
DATAFLOW,OECD.SDD.STES:DSD_STES@DF_CLI(4.1),Composite leading indicators,I,NZL,New Zealand,M,Monthly,CCICP,Composite consumer confidence,IX,Index,_Z,Not applicable,AA,Amplitude adjusted,IX,Index,_Z,Not applicable,H,OECD harmonised,2016-10,,100.1895,,A,Normal value,0,Units,2,Two,,
DATAFLOW,OECD.SDD.STES:DSD_STES@DF_CLI(4.1),Composite leading indicators,I,NZL,New Zealand,M,Monthly,CCICP,Composite consumer confidence,IX,Index,_Z,Not applicable,AA,Amplitude adjusted,IX,Index,_Z,Not applicable,H,OECD harmonised,2015-01,,100.8785,,A,Normal value,0,Units,2,Two,,
DATAFLOW,OECD.SDD.STES:DSD_STES@DF_CLI(4.1),Composite leading indicators,I,NZL,New Zealand,M,Monthly,CCICP,Composite consumer confidence,IX,Index,_Z,Not applicable,AA,Amplitude adjusted,IX,Index,_Z,Not applicable,H,OECD harmonised,2015-02,,100.9523,,A,Normal value,0,Units,2,Two,,
DATAFLOW,OECD.SDD.STES:DSD_STES@DF_CLI(4.1),Composite leading indicators,I,NZL,New Zealand,M,Monthly,CCICP,Composite consumer confidence,IX,Index,_Z,Not applicable,AA,Amplitude adjusted,IX,Index,_Z,Not applicable,H,OECD harmonised,2015-03,,100.9791,,A,Normal value,0,Units,2,Two,,
DATAFLOW,OECD.SDD.STES:DSD_STES@DF_CLI(4.1),Composite leading indicators,I,NZL,New Zealand,M,Monthly,CCICP,Composite consumer confidence,IX,Index,_Z,Not applicable,AA,Amplitude adjusted,IX,Index,_Z,Not applicable,H,OECD harmonised,2015-04,,100.9024,,A,Normal value,0,Units,2,Two,,
DATAFLOW,OECD.SDD.STES:DSD_STES@DF_CLI(4.1),Composite leading indicators,I,NZL,New Zealand,M,Monthly,CCICP,Composite consumer confidence,IX,Index,_Z,Not applicable,AA,Amplitude adjusted,IX,Index,_Z,Not applicable,H,OECD harmonised,2015-05,,100.7467,,A,Normal value,0,Units,2,Two,,
DATAFLOW,OECD.SDD.STES:DSD_STES@DF_CLI(4.1),Composite leading indicators,I,NZL,New Zealand,M,Monthly,CCICP,Composite consumer confidence,IX,Index,_Z,Not applicable,AA,Amplitude adjusted,IX,Index,_Z,Not applicable,H,OECD harmonised,2015-06,,100.5341,,A,Normal value,0,Units,2,Two,,
DATAFLOW,OECD.SDD.STES:DSD_STES@DF_CLI(4.1),Composite leading indicators,I,NZL,New Zealand,M,Monthly,CCICP,Composite consumer confidence,IX,Index,_Z,Not applicable,AA,Amplitude adjusted,IX,Index,_Z,Not applicable,H,OECD harmonised,2015-07,,100.2795,,A,Normal value,0,Units,2,Two,,
DATAFLOW,OECD.SDD.STES:DSD_STES@DF_CLI(4.1),Composite leading indicators,I,NZL,New Zealand,M,Monthly,CCICP,Composite consumer confidence,IX,Index,_Z,Not applicable,AA,Amplitude adjusted,IX,Index,_Z,Not applicable,H,OECD harmonised,2013-10,,101.0255,,A,Normal value,0,Units,2,Two,,
DATAFLOW,OECD.SDD.STES:DSD_STES@DF_CLI(4.1),Composite leading indicators,I,NZL,New Zealand,M,Monthly,CCICP,Composite consumer confidence,IX,Index,_Z,Not applicable,AA,Amplitude adjusted,IX,Index,_Z,Not applicable,H,OECD harmonised,2013-11,,101.1774,,A,Normal value,0,Units,2,Two,,
DATAFLOW,OECD.SDD.STES:DSD_STES@DF_CLI(4.1),Composite leading indicators,I,NZL,New Zealand,M,Monthly,CCICP,Composite consumer confidence,IX,Index,_Z,Not applicable,AA,Amplitude adjusted,IX,Index,_Z,Not applicable,H,OECD harmonised,2013-12,,101.3254,,A,Normal value,0,Units,2,Two,,
DATAFLOW,OECD.SDD.STES:DSD_STES@DF_CLI(4.1),Composite leading indicators,I,NZL,New Zealand,M,Monthly,CCICP,Composite consumer confidence,IX,Index,_Z,Not applicable,AA,Amplitude adjusted,IX,Index,_Z,Not applicable,H,OECD harmonised,2014-01,,101.4317,,A,Normal value,0,Units,2,Two,,
DATAFLOW,OECD.SDD.STES:DSD_STES@DF_CLI(4.1),Composite leading indicators,I,NZL,New Zealand,M,Monthly,CCICP,Composite consumer confidence,IX,Index,_Z,Not applicable,AA,Amplitude adjusted,IX,Index,_Z,Not applicable,H,OECD harmonised,2014-02,,101.5026,,A,Normal value,0,Units,2,Two,,
DATAFLOW,OECD.SDD.STES:DSD_STES@DF_CLI(4.1),Composite leading indicators,I,NZL,New Zealand,M,Monthly,CCICP,Composite consumer confidence,IX,Index,_Z,Not applicable,AA,Amplitude adjusted,IX,Index,_Z,Not applicable,H,OECD harmonised,2014-03,,101.5433,,A,Normal value,0,Units,2,Two,,
DATAFLOW,OECD.SDD.STES:DSD_STES@DF_CLI(4.1),Composite leading indicators,I,NZL,New Zealand,M,Monthly,CCICP,Composite consumer confidence,IX,Index,_Z,Not applicable,AA,Amplitude adjusted,IX,Index,_Z,Not applicable,H,OECD harmonised,2014-04,,101.5479,,A,Normal value,0,Units,2,Two,,
DATAFLOW,OECD.SDD.STES:DSD_STES@DF_CLI(4.1),Composite leading indicators,I,NZL,New Zealand,M,Monthly,CCICP,Composite consumer confidence,IX,Index,_Z,Not applicable,AA,Amplitude adjusted,IX,Index,_Z,Not applicable,H,OECD harmonised,2014-05,,101.5198,,A,Normal value,0,Units,2,Two,,
DATAFLOW,OECD.SDD.STES:DSD_STES@DF_CLI(4.1),Composite leading indicators,I,NZL,New Zealand,M,Monthly,CCICP,Composite consumer confidence,IX,Index,_Z,Not applicable,AA,Amplitude adjusted,IX,Index,_Z,Not applicable,H,OECD harmonised,2014-06,,101.4482,,A,Normal value,0,Units,2,Two,,
DATAFLOW,OECD.SDD.STES:DSD_STES@DF_CLI(4.1),Composite leading indicators,I,NZL,New Zealand,M,Monthly,CCICP,Composite consumer confidence,IX,Index,_Z,Not applicable,AA,Amplitude adjusted,IX,Index,_Z,Not applicable,H,OECD harmonised,2014-07,,101.3173,,A,Normal value,0,Units,2,Two,,
DATAFLOW,OECD.SDD.STES:DSD_STES@DF_CLI(4.1),Composite leading indicators,I,NZL,New Zealand,M,Monthly,CCICP,Composite consumer confidence,IX,Index,_Z,Not applicable,AA,Amplitude adjusted,IX,Index,_Z,Not applicable,H,OECD harmonised,2014-08,,101.1582,,A,Normal value,0,Units,2,Two,,
DATAFLOW,OECD.SDD.STES:DSD_STES@DF_CLI(4.1),Composite leading indicators,I,NZL,New Zealand,M,Monthly,CCICP,Composite consumer confidence,IX,Index,_Z,Not applicable,AA,Amplitude adjusted,IX,Index,_Z,Not applicable,H,OECD harmonised,2014-09,,101.0085,,A,Normal value,0,Units,2,Two,,
DATAFLOW,OECD.SDD.STES:DSD_STES@DF_CLI(4.1),Composite leading indicators,I,NZL,New Zealand,M,Monthly,CCICP,Composite consumer confidence,IX,Index,_Z,Not applicable,AA,Amplitude adjusted,IX,Index,_Z,Not applicable,H,OECD harmonised,2014-10,,100.8994,,A,Normal value,0,Units,2,Two,,
DATAFLOW,OECD.SDD.STES:DSD_STES@DF_CLI(4.1),Composite leading indicators,I,NZL,New Zealand,M,Monthly,CCICP,Composite consumer confidence,IX,Index,_Z,Not applicable,AA,Amplitude adjusted,IX,Index,_Z,Not applicable,H,OECD harmonised,2014-11,,100.8339,,A,Normal value,0,Units,2,Two,,
DATAFLOW,OECD.SDD.STES:DSD_STES@DF_CLI(4.1),Composite leading indicators,I,NZL,New Zealand,M,Monthly,CCICP,Composite consumer confidence,IX,Index,_Z,Not applicable,AA,Amplitude adjusted,IX,Index,_Z,Not applicable,H,OECD harmonised,2014-12,,100.8229,,A,Normal value,0,Units,2,Two,,
DATAFLOW,OECD.SDD.STES:DSD_STES@DF_CLI(4.1),Composite leading indicators,I,NZL,New Zealand,M,Monthly,CCICP,Composite consumer confidence,IX,Index,_Z,Not applicable,AA,Amplitude adjusted,IX,Index,_Z,Not applicable,H,OECD harmonised,2021-04,,99.76395,,A,Normal value,0,Units,2,Two,,
DATAFLOW,OECD.SDD.STES:DSD_STES@DF_CLI(4.1),Composite leading indicators,I,NZL,New Zealand,M,Monthly,CCICP,Composite consumer confidence,IX,Index,_Z,Not applicable,AA,Amplitude adjusted,IX,Index,_Z,Not applicable,H,OECD harmonised,2021-05,,99.80334,,A,Normal value,0,Units,2,Two,,
DATAFLOW,OECD.SDD.STES:DSD_STES@DF_CLI(4.1),Composite leading indicators,I,NZL,New Zealand,M,Monthly,CCICP,Composite consumer confidence,IX,Index,_Z,Not applicable,AA,Amplitude adjusted,IX,Index,_Z,Not applicable,H,OECD harmonised,2021-06,,99.79983,,A,Normal value,0,Units,2,Two,,
DATAFLOW,OECD.SDD.STES:DSD_STES@DF_CLI(4.1),Composite leading indicators,I,NZL,New Zealand,M,Monthly,CCICP,Composite consumer confidence,IX,Index,_Z,Not applicable,AA,Amplitude adjusted,IX,Index,_Z,Not applicable,H,OECD harmonised,2021-07,,99.70802,,A,Normal value,0,Units,2,Two,,
DATAFLOW,OECD.SDD.STES:DSD_STES@DF_CLI(4.1),Composite leading indicators,I,NZL,New Zealand,M,Monthly,CCICP,Composite consumer confidence,IX,Index,_Z,Not applicable,AA,Amplitude adjusted,IX,Index,_Z,Not applicable,H,OECD harmonised,2021-08,,99.56332,,A,Normal value,0,Units,2,Two,,
DATAFLOW,OECD.SDD.STES:DSD_STES@DF_CLI(4.1),Composite leading indicators,I,NZL,New Zealand,M,Monthly,CCICP,Composite consumer confidence,IX,Index,_Z,Not applicable,AA,Amplitude adjusted,IX,Index,_Z,Not applicable,H,OECD harmonised,2021-09,,99.40582,,A,Normal value,0,Units,2,Two,,
DATAFLOW,OECD.SDD.STES:DSD_STES@DF_CLI(4.1),Composite leading indicators,I,NZL,New Zealand,M,Monthly,CCICP,Composite consumer confidence,IX,Index,_Z,Not applicable,AA,Amplitude adjusted,IX,Index,_Z,Not applicable,H,OECD harmonised,2021-10,,99.25695,,A,Normal value,0,Units,2,Two,,
DATAFLOW,OECD.SDD.STES:DSD_STES@DF_CLI(4.1),Composite leading indicators,I,NZL,New Zealand,M,Monthly,CCICP,Composite consumer confidence,IX,Index,_Z,Not applicable,AA,Amplitude adjusted,IX,Index,_Z,Not applicable,H,OECD harmonised,2021-11,,99.10912,,A,Normal value,0,Units,2,Two,,
DATAFLOW,OECD.SDD.STES:DSD_STES@DF_CLI(4.1),Composite leading indicators,I,NZL,New Zealand,M,Monthly,CCICP,Composite consumer confidence,IX,Index,_Z,Not applicable,AA,Amplitude adjusted,IX,Index,_Z,Not applicable,H,OECD harmonised,2021-12,,98.93708,,A,Normal value,0,Units,2,Two,,
DATAFLOW,OECD.SDD.STES:DSD_STES@DF_CLI(4.1),Composite leading indicators,I,NZL,New Zealand,M,Monthly,CCICP,Composite consumer confidence,IX,Index,_Z,Not applicable,AA,Amplitude adjusted,IX,Index,_Z,Not applicable,H,OECD harmonised,2022-01,,98.70834,,A,Normal value,0,Units,2,Two,,
DATAFLOW,OECD.SDD.STES:DSD_STES@DF_CLI(4.1),Composite leading indicators,I,NZL,New Zealand,M,Monthly,CCICP,Composite consumer confidence,IX,Index,_Z,Not applicable,AA,Amplitude adjusted,IX,Index,_Z,Not applicable,H,OECD harmonised,2022-02,,98.41777,,A,Normal value,0,Units,2,Two,,
DATAFLOW,OECD.SDD.STES:DSD_STES@DF_CLI(4.1),Composite leading indicators,I,NZL,New Zealand,M,Monthly,CCICP,Composite consumer confidence,IX,Index,_Z,Not applicable,AA,Amplitude adjusted,IX,Index,_Z,Not applicable,H,OECD harmonised,2022-03,,98.04918,,A,Normal value,0,Units,2,Two,,
DATAFLOW,OECD.SDD.STES:DSD_STES@DF_CLI(4.1),Composite leading indicators,I,NZL,New Zealand,M,Monthly,CCICP,Composite consumer confidence,IX,Index,_Z,Not applicable,AA,Amplitude adjusted,IX,Index,_Z,Not applicable,H,OECD harmonised,2022-04,,97.59859,,A,Normal value,0,Units,2,Two,,
DATAFLOW,OECD.SDD.STES:DSD_STES@DF_CLI(4.1),Composite leading indicators,I,NZL,New Zealand,M,Monthly,CCICP,Composite consumer confidence,IX,Index,_Z,Not applicable,AA,Amplitude adjusted,IX,Index,_Z,Not applicable,H,OECD harmonised,2022-05,,97.17564,,A,Normal value,0,Units,2,Two,,
DATAFLOW,OECD.SDD.STES:DSD_STES@DF_CLI(4.1),Composite leading indicators,I,NZL,New Zealand,M,Monthly,CCICP,Composite consumer confidence,IX,Index,_Z,Not applicable,AA,Amplitude adjusted,IX,Index,_Z,Not applicable,H,OECD harmonised,2022-06,,96.9426,,A,Normal value,0,Units,2,Two,,
DATAFLOW,OECD.SDD.STES:DSD_STES@DF_CLI(4.1),Composite leading indicators,I,NZL,New Zealand,M,Monthly,CCICP,Composite consumer confidence,IX,Index,_Z,Not applicable,AA,Amplitude adjusted,IX,Index,_Z,Not applicable,H,OECD harmonised,2022-07,,97.02584,,A,Normal value,0,Units,2,Two,,
DATAFLOW,OECD.SDD.STES:DSD_STES@DF_CLI(4.1),Composite leading indicators,I,NZL,New Zealand,M,Monthly,CCICP,Composite consumer confidence,IX,Index,_Z,Not applicable,AA,Amplitude adjusted,IX,Index,_Z,Not applicable,H,OECD harmonised,2022-08,,97.23727,,A,Normal value,0,Units,2,Two,,
DATAFLOW,OECD.SDD.STES:DSD_STES@DF_CLI(4.1),Composite leading indicators,I,NZL,New Zealand,M,Monthly,CCICP,Composite consumer confidence,IX,Index,_Z,Not applicable,AA,Amplitude adjusted,IX,Index,_Z,Not applicable,H,OECD harmonised,2022-09,,97.3309,,A,Normal value,0,Units,2,Two,,
DATAFLOW,OECD.SDD.STES:DSD_STES@DF_CLI(4.1),Composite leading indicators,I,NZL,New Zealand,M,Monthly,CCICP,Composite consumer confidence,IX,Index,_Z,Not applicable,AA,Amplitude adjusted,IX,Index,_Z,Not applicable,H,OECD harmonised,2022-10,,97.13109,,A,Normal value,0,Units,2,Two,,
DATAFLOW,OECD.SDD.STES:DSD_STES@DF_CLI(4.1),Composite leading indicators,I,NZL,New Zealand,M,Monthly,CCICP,Composite consumer confidence,IX,Index,_Z,Not applicable,AA,Amplitude adjusted,IX,Index,_Z,Not applicable,H,OECD harmonised,2022-11,,96.77877,,A,Normal value,0,Units,2,Two,,
DATAFLOW,OECD.SDD.STES:DSD_STES@DF_CLI(4.1),Composite leading indicators,I,NZL,New Zealand,M,Monthly,CCICP,Composite consumer confidence,IX,Index,_Z,Not applicable,AA,Amplitude adjusted,IX,Index,_Z,Not applicable,H,OECD harmonised,2022-12,,96.4731,,A,Normal value,0,Units,2,Two,,
DATAFLOW,OECD.SDD.STES:DSD_STES@DF_CLI(4.1),Composite leading indicators,I,NZL,New Zealand,M,Monthly,CCICP,Composite consumer confidence,IX,Index,_Z,Not applicable,AA,Amplitude adjusted,IX,Index,_Z,Not applicable,H,OECD harmonised,2023-01,,96.36568,,A,Normal value,0,Units,2,Two,,
DATAFLOW,OECD.SDD.STES:DSD_STES@DF_CLI(4.1),Composite leading indicators,I,NZL,New Zealand,M,Monthly,CCICP,Composite consumer confidence,IX,Index,_Z,Not applicable,AA,Amplitude adjusted,IX,Index,_Z,Not applicable,H,OECD harmonised,2023-02,,96.40818,,A,Normal value,0,Units,2,Two,,
DATAFLOW,OECD.SDD.STES:DSD_STES@DF_CLI(4.1),Composite leading indicators,I,NZL,New Zealand,M,Monthly,CCICP,Composite consumer confidence,IX,Index,_Z,Not applicable,AA,Amplitude adjusted,IX,Index,_Z,Not applicable,H,OECD harmonised,2023-03,,96.53987,,A,Normal value,0,Units,2,Two,,
DATAFLOW,OECD.SDD.STES:DSD_STES@DF_CLI(4.1),Composite leading indicators,I,NZL,New Zealand,M,Monthly,CCICP,Composite consumer confidence,IX,Index,_Z,Not applicable,AA,Amplitude adjusted,IX,Index,_Z,Not applicable,H,OECD harmonised,2023-04,,96.72533,,A,Normal value,0,Units,2,Two,,
DATAFLOW,OECD.SDD.STES:DSD_STES@DF_CLI(4.1),Composite leading indicators,I,NZL,New Zealand,M,Monthly,CCICP,Composite consumer confidence,IX,Index,_Z,Not applicable,AA,Amplitude adjusted,IX,Index,_Z,Not applicable,H,OECD harmonised,2023-05,,96.90289,,A,Normal value,0,Units,2,Two,,
DATAFLOW,OECD.SDD.STES:DSD_STES@DF_CLI(4.1),Composite leading indicators,I,NZL,New Zealand,M,Monthly,CCICP,Composite consumer confidence,IX,Index,_Z,Not applicable,AA,Amplitude adjusted,IX,Index,_Z,Not applicable,H,OECD harmonised,2023-06,,97.00536,,A,Normal value,0,Units,2,Two,,
DATAFLOW,OECD.SDD.STES:DSD_STES@DF_CLI(4.1),Composite leading indicators,I,NZL,New Zealand,M,Monthly,CCICP,Composite consumer confidence,IX,Index,_Z,Not applicable,AA,Amplitude adjusted,IX,Index,_Z,Not applicable,H,OECD harmonised,2023-07,,96.98855,,A,Normal value,0,Units,2,Two,,
DATAFLOW,OECD.SDD.STES:DSD_STES@DF_CLI(4.1),Composite leading indicators,I,NZL,New Zealand,M,Monthly,CCICP,Composite consumer confidence,IX,Index,_Z,Not applicable,AA,Amplitude adjusted,IX,Index,_Z,Not applicable,H,OECD harmonised,2023-08,,96.93502,,A,Normal value,0,Units,2,Two,,
DATAFLOW,OECD.SDD.STES:DSD_STES@DF_CLI(4.1),Composite leading indicators,I,NZL,New Zealand,M,Monthly,CCICP,Composite consumer confidence,IX,Index,_Z,Not applicable,AA,Amplitude adjusted,IX,Index,_Z,Not applicable,H,OECD harmonised,2023-09,,96.96012,,A,Normal value,0,Units,2,Two,,
DATAFLOW,OECD.SDD.STES:DSD_STES@DF_CLI(4.1),Composite leading indicators,I,NZL,New Zealand,M,Monthly,CCICP,Composite consumer confidence,IX,Index,_Z,Not applicable,AA,Amplitude adjusted,IX,Index,_Z,Not applicable,H,OECD harmonised,2023-10,,97.15485,,A,Normal value,0,Units,2,Two,,
DATAFLOW,OECD.SDD.STES:DSD_STES@DF_CLI(4.1),Composite leading indicators,I,NZL,New Zealand,M,Monthly,CCICP,Composite consumer confidence,IX,Index,_Z,Not applicable,AA,Amplitude adjusted,IX,Index,_Z,Not applicable,H,OECD harmonised,2023-11,,97.45,,A,Normal value,0,Units,2,Two,,
DATAFLOW,OECD.SDD.STES:DSD_STES@DF_CLI(4.1),Composite leading indicators,I,NZL,New Zealand,M,Monthly,CCICP,Composite consumer confidence,IX,Index,_Z,Not applicable,AA,Amplitude adjusted,IX,Index,_Z,Not applicable,H,OECD harmonised,2023-12,,97.75362,,A,Normal value,0,Units,2,Two,,
DATAFLOW,OECD.SDD.STES:DSD_STES@DF_CLI(4.1),Composite leading indicators,I,NZL,New Zealand,M,Monthly,CCICP,Composite consumer confidence,IX,Index,_Z,Not applicable,AA,Amplitude adjusted,IX,Index,_Z,Not applicable,H,OECD harmonised,2024-01,,97.98792,,A,Normal value,0,Units,2,Two,,
DATAFLOW,OECD.SDD.STES:DSD_STES@DF_CLI(4.1),Composite leading indicators,I,NZL,New Zealand,M,Monthly,CCICP,Composite consumer confidence,IX,Index,_Z,Not applicable,AA,Amplitude adjusted,IX,Index,_Z,Not applicable,H,OECD harmonised,2024-02,,98.11782,,A,Normal value,0,Units,2,Two,,
DATAFLOW,OECD.SDD.STES:DSD_STES@DF_CLI(4.1),Composite leading indicators,I,NZL,New Zealand,M,Monthly,CCICP,Composite consumer confidence,IX,Index,_Z,Not applicable,AA,Amplitude adjusted,IX,Index,_Z,Not applicable,H,OECD harmonised,2024-03,,98.08077,,A,Normal value,0,Units,2,Two,,
DATAFLOW,OECD.SDD.STES:DSD_STES@DF_CLI(4.1),Composite leading indicators,I,NZL,New Zealand,M,Monthly,CCICP,Composite consumer confidence,IX,Index,_Z,Not applicable,AA,Amplitude adjusted,IX,Index,_Z,Not applicable,H,OECD harmonised,2024-04,,97.82104,,A,Normal value,0,Units,2,Two,,
DATAFLOW,OECD.SDD.STES:DSD_STES@DF_CLI(4.1),Composite leading indicators,I,NZL,New Zealand,M,Monthly,CCICP,Composite consumer confidence,IX,Index,_Z,Not applicable,AA,Amplitude adjusted,IX,Index,_Z,Not applicable,H,OECD harmonised,2024-05,,97.49084,,A,Normal value,0,Units,2,Two,,
DATAFLOW,OECD.SDD.STES:DSD_STES@DF_CLI(4.1),Composite leading indicators,I,NZL,New Zealand,M,Monthly,CCICP,Composite consumer confidence,IX,Index,_Z,Not applicable,AA,Amplitude adjusted,IX,Index,_Z,Not applicable,H,OECD harmonised,2024-06,,97.29024,,A,Normal value,0,Units,2,Two,,
DATAFLOW,OECD.SDD.STES:DSD_STES@DF_CLI(4.1),Composite leading indicators,I,NZL,New Zealand,M,Monthly,CCICP,Composite consumer confidence,IX,Index,_Z,Not applicable,AA,Amplitude adjusted,IX,Index,_Z,Not applicable,H,OECD harmonised,2024-07,,97.37733,,A,Normal value,0,Units,2,Two,,
DATAFLOW,OECD.SDD.STES:DSD_STES@DF_CLI(4.1),Composite leading indicators,I,NZL,New Zealand,M,Monthly,CCICP,Composite consumer confidence,IX,Index,_Z,Not applicable,AA,Amplitude adjusted,IX,Index,_Z,Not applicable,H,OECD harmonised,2024-08,,97.64899,,A,Normal value,0,Units,2,Two,,
DATAFLOW,OECD.SDD.STES:DSD_STES@DF_CLI(4.1),Composite leading indicators,I,NZL,New Zealand,M,Monthly,CCICP,Composite consumer confidence,IX,Index,_Z,Not applicable,AA,Amplitude adjusted,IX,Index,_Z,Not applicable,H,OECD harmonised,2024-09,,97.98208,,A,Normal value,0,Units,2,Two,,
DATAFLOW,OECD.SDD.STES:DSD_STES@DF_CLI(4.1),Composite leading indicators,I,NZL,New Zealand,M,Monthly,CCICP,Composite consumer confidence,IX,Index,_Z,Not applicable,AA,Amplitude adjusted,IX,Index,_Z,Not applicable,H,OECD harmonised,2024-10,,98.29003,,A,Normal value,0,Units,2,Two,,
DATAFLOW,OECD.SDD.STES:DSD_STES@DF_CLI(4.1),Composite leading indicators,I,NZL,New Zealand,M,Monthly,CCICP,Composite consumer confidence,IX,Index,_Z,Not applicable,AA,Amplitude adjusted,IX,Index,_Z,Not applicable,H,OECD harmonised,1999-07,,100.6655,,A,Normal value,0,Units,2,Two,,
DATAFLOW,OECD.SDD.STES:DSD_STES@DF_CLI(4.1),Composite leading indicators,I,NZL,New Zealand,M,Monthly,CCICP,Composite consumer confidence,IX,Index,_Z,Not applicable,AA,Amplitude adjusted,IX,Index,_Z,Not applicable,H,OECD harmonised,1999-08,,100.6984,,A,Normal value,0,Units,2,Two,,
DATAFLOW,OECD.SDD.STES:DSD_STES@DF_CLI(4.1),Composite leading indicators,I,NZL,New Zealand,M,Monthly,CCICP,Composite consumer confidence,IX,Index,_Z,Not applicable,AA,Amplitude adjusted,IX,Index,_Z,Not applicable,H,OECD harmonised,1999-09,,100.7971,,A,Normal value,0,Units,2,Two,,
DATAFLOW,OECD.SDD.STES:DSD_STES@DF_CLI(4.1),Composite leading indicators,I,NZL,New Zealand,M,Monthly,CCICP,Composite consumer confidence,IX,Index,_Z,Not applicable,AA,Amplitude adjusted,IX,Index,_Z,Not applicable,H,OECD harmonised,1999-10,,100.9789,,A,Normal value,0,Units,2,Two,,
DATAFLOW,OECD.SDD.STES:DSD_STES@DF_CLI(4.1),Composite leading indicators,I,NZL,New Zealand,M,Monthly,CCICP,Composite consumer confidence,IX,Index,_Z,Not applicable,AA,Amplitude adjusted,IX,Index,_Z,Not applicable,H,OECD harmonised,1999-11,,101.2032,,A,Normal value,0,Units,2,Two,,
DATAFLOW,OECD.SDD.STES:DSD_STES@DF_CLI(4.1),Composite leading indicators,I,NZL,New Zealand,M,Monthly,CCICP,Composite consumer confidence,IX,Index,_Z,Not applicable,AA,Amplitude adjusted,IX,Index,_Z,Not applicable,H,OECD harmonised,1999-12,,101.4197,,A,Normal value,0,Units,2,Two,,
DATAFLOW,OECD.SDD.STES:DSD_STES@DF_CLI(4.1),Composite leading indicators,I,NZL,New Zealand,M,Monthly,CCICP,Composite consumer confidence,IX,Index,_Z,Not applicable,AA,Amplitude adjusted,IX,Index,_Z,Not applicable,H,OECD harmonised,2000-01,,101.5721,,A,Normal value,0,Units,2,Two,,
DATAFLOW,OECD.SDD.STES:DSD_STES@DF_CLI(4.1),Composite leading indicators,I,NZL,New Zealand,M,Monthly,CCICP,Composite consumer confidence,IX,Index,_Z,Not applicable,AA,Amplitude adjusted,IX,Index,_Z,Not applicable,H,OECD harmonised,2000-02,,101.6114,,A,Normal value,0,Units,2,Two,,
DATAFLOW,OECD.SDD.STES:DSD_STES@DF_CLI(4.1),Composite leading indicators,I,NZL,New Zealand,M,Monthly,CCICP,Composite consumer confidence,IX,Index,_Z,Not applicable,AA,Amplitude adjusted,IX,Index,_Z,Not applicable,H,OECD harmonised,2000-03,,101.4345,,A,Normal value,0,Units,2,Two,,
DATAFLOW,OECD.SDD.STES:DSD_STES@DF_CLI(4.1),Composite leading indicators,I,NZL,New Zealand,M,Monthly,CCICP,Composite consumer confidence,IX,Index,_Z,Not applicable,AA,Amplitude adjusted,IX,Index,_Z,Not applicable,H,OECD harmonised,2000-04,,100.9372,,A,Normal value,0,Units,2,Two,,
DATAFLOW,OECD.SDD.STES:DSD_STES@DF_CLI(4.1),Composite leading indicators,I,NZL,New Zealand,M,Monthly,CCICP,Composite consumer confidence,IX,Index,_Z,Not applicable,AA,Amplitude adjusted,IX,Index,_Z,Not applicable,H,OECD harmonised,2000-05,,100.2821,,A,Normal value,0,Units,2,Two,,
DATAFLOW,OECD.SDD.STES:DSD_STES@DF_CLI(4.1),Composite leading indicators,I,NZL,New Zealand,M,Monthly,CCICP,Composite consumer confidence,IX,Index,_Z,Not applicable,AA,Amplitude adjusted,IX,Index,_Z,Not applicable,H,OECD harmonised,2000-06,,99.66724,,A,Normal value,0,Units,2,Two,,
DATAFLOW,OECD.SDD.STES:DSD_STES@DF_CLI(4.1),Composite leading indicators,I,NZL,New Zealand,M,Monthly,CCICP,Composite consumer confidence,IX,Index,_Z,Not applicable,AA,Amplitude adjusted,IX,Index,_Z,Not applicable,H,OECD harmonised,2000-07,,99.25199,,A,Normal value,0,Units,2,Two,,
DATAFLOW,OECD.SDD.STES:DSD_STES@DF_CLI(4.1),Composite leading indicators,I,NZL,New Zealand,M,Monthly,CCICP,Composite consumer confidence,IX,Index,_Z,Not applicable,AA,Amplitude adjusted,IX,Index,_Z,Not applicable,H,OECD harmonised,2000-08,,99.0425,,A,Normal value,0,Units,2,Two,,
DATAFLOW,OECD.SDD.STES:DSD_STES@DF_CLI(4.1),Composite leading indicators,I,NZL,New Zealand,M,Monthly,CCICP,Composite consumer confidence,IX,Index,_Z,Not applicable,AA,Amplitude adjusted,IX,Index,_Z,Not applicable,H,OECD harmonised,2025-03,,97.98578,,A,Normal value,0,Units,2,Two,,
DATAFLOW,OECD.SDD.STES:DSD_STES@DF_CLI(4.1),Composite leading indicators,I,NZL,New Zealand,M,Monthly,CCICP,Composite consumer confidence,IX,Index,_Z,Not applicable,AA,Amplitude adjusted,IX,Index,_Z,Not applicable,H,OECD harmonised,2025-04,,97.92436,,A,Normal value,0,Units,2,Two,,
DATAFLOW,OECD.SDD.STES:DSD_STES@DF_CLI(4.1),Composite leading indicators,I,NZL,New Zealand,M,Monthly,CCICP,Composite consumer confidence,IX,Index,_Z,Not applicable,AA,Amplitude adjusted,IX,Index,_Z,Not applicable,H,OECD harmonised,2025-05,,97.95282,,A,Normal value,0,Units,2,Two,,
DATAFLOW,OECD.SDD.STES:DSD_STES@DF_CLI(4.1),Composite leading indicators,I,NZL,New Zealand,M,Monthly,CCICP,Composite consumer confidence,IX,Index,_Z,Not applicable,AA,Amplitude adjusted,IX,Index,_Z,Not applicable,H,OECD harmonised,2025-06,,97.99913,,A,Normal value,0,Units,2,Two,,
DATAFLOW,OECD.SDD.STES:DSD_STES@DF_CLI(4.1),Composite leading indicators,I,NZL,New Zealand,M,Monthly,CCICP,Composite consumer confidence,IX,Index,_Z,Not applicable,AA,Amplitude adjusted,IX,Index,_Z,Not applicable,H,OECD harmonised,2025-07,,98.02181,,A,Normal value,0,Units,2,Two,,
DATAFLOW,OECD.SDD.STES:DSD_STES@DF_CLI(4.1),Composite leading indicators,I,NZL,New Zealand,M,Monthly,CCICP,Composite consumer confidence,IX,Index,_Z,Not applicable,AA,Amplitude adjusted,IX,Index,_Z,Not applicable,H,OECD harmonised,2025-08,,98.03999,,A,Normal value,0,Units,2,Two,,
DATAFLOW,OECD.SDD.STES:DSD_STES@DF_CLI(4.1),Composite leading indicators,I,NZL,New Zealand,M,Monthly,CCICP,Composite consumer confidence,IX,Index,_Z,Not applicable,AA,Amplitude adjusted,IX,Index,_Z,Not applicable,H,OECD harmonised,1999-05,,100.7607,,A,Normal value,0,Units,2,Two,,
DATAFLOW,OECD.SDD.STES:DSD_STES@DF_CLI(4.1),Composite leading indicators,I,NZL,New Zealand,M,Monthly,CCICP,Composite consumer confidence,IX,Index,_Z,Not applicable,AA,Amplitude adjusted,IX,Index,_Z,Not applicable,H,OECD harmonised,1999-06,,100.688,,A,Normal value,0,Units,2,Two,,
DATAFLOW,OECD.SDD.STES:DSD_STES@DF_CLI(4.1),Composite leading indicators,I,NZL,New Zealand,M,Monthly,CCICP,Composite consumer confidence,IX,Index,_Z,Not applicable,AA,Amplitude adjusted,IX,Index,_Z,Not applicable,H,OECD harmonised,1990-01,,98.98896,,A,Normal value,0,Units,2,Two,,
DATAFLOW,OECD.SDD.STES:DSD_STES@DF_CLI(4.1),Composite leading indicators,I,NZL,New Zealand,M,Monthly,CCICP,Composite consumer confidence,IX,Index,_Z,Not applicable,AA,Amplitude adjusted,IX,Index,_Z,Not applicable,H,OECD harmonised,1990-02,,98.98742,,A,Normal value,0,Units,2,Two,,
DATAFLOW,OECD.SDD.STES:DSD_STES@DF_CLI(4.1),Composite leading indicators,I,NZL,New Zealand,M,Monthly,CCICP,Composite consumer confidence,IX,Index,_Z,Not applicable,AA,Amplitude adjusted,IX,Index,_Z,Not applicable,H,OECD harmonised,1990-03,,99.04838,,A,Normal value,0,Units,2,Two,,
DATAFLOW,OECD.SDD.STES:DSD_STES@DF_CLI(4.1),Composite leading indicators,I,NZL,New Zealand,M,Monthly,CCICP,Composite consumer confidence,IX,Index,_Z,Not applicable,AA,Amplitude adjusted,IX,Index,_Z,Not applicable,H,OECD harmonised,1990-04,,99.1139,,A,Normal value,0,Units,2,Two,,
DATAFLOW,OECD.SDD.STES:DSD_STES@DF_CLI(4.1),Composite leading indicators,I,NZL,New Zealand,M,Monthly,CCICP,Composite consumer confidence,IX,Index,_Z,Not applicable,AA,Amplitude adjusted,IX,Index,_Z,Not applicable,H,OECD harmonised,1990-05,,99.15664,,A,Normal value,0,Units,2,Two,,
DATAFLOW,OECD.SDD.STES:DSD_STES@DF_CLI(4.1),Composite leading indicators,I,NZL,New Zealand,M,Monthly,CCICP,Composite consumer confidence,IX,Index,_Z,Not applicable,AA,Amplitude adjusted,IX,Index,_Z,Not applicable,H,OECD harmonised,1990-06,,99.1487,,A,Normal value,0,Units,2,Two,,
DATAFLOW,OECD.SDD.STES:DSD_STES@DF_CLI(4.1),Composite leading indicators,I,NZL,New Zealand,M,Monthly,CCICP,Composite consumer confidence,IX,Index,_Z,Not applicable,AA,Amplitude adjusted,IX,Index,_Z,Not applicable,H,OECD harmonised,2000-09,,99.08574,,A,Normal value,0,Units,2,Two,,
DATAFLOW,OECD.SDD.STES:DSD_STES@DF_CLI(4.1),Composite leading indicators,I,NZL,New Zealand,M,Monthly,CCICP,Composite consumer confidence,IX,Index,_Z,Not applicable,AA,Amplitude adjusted,IX,Index,_Z,Not applicable,H,OECD harmonised,2000-10,,99.45753,,A,Normal value,0,Units,2,Two,,
DATAFLOW,OECD.SDD.STES:DSD_STES@DF_CLI(4.1),Composite leading indicators,I,NZL,New Zealand,M,Monthly,CCICP,Composite consumer confidence,IX,Index,_Z,Not applicable,AA,Amplitude adjusted,IX,Index,_Z,Not applicable,H,OECD harmonised,2000-11,,99.99789,,A,Normal value,0,Units,2,Two,,
DATAFLOW,OECD.SDD.STES:DSD_STES@DF_CLI(4.1),Composite leading indicators,I,NZL,New Zealand,M,Monthly,CCICP,Composite consumer confidence,IX,Index,_Z,Not applicable,AA,Amplitude adjusted,IX,Index,_Z,Not applicable,H,OECD harmonised,2000-12,,100.5386,,A,Normal value,0,Units,2,Two,,
DATAFLOW,OECD.SDD.STES:DSD_STES@DF_CLI(4.1),Composite leading indicators,I,NZL,New Zealand,M,Monthly,CCICP,Composite consumer confidence,IX,Index,_Z,Not applicable,AA,Amplitude adjusted,IX,Index,_Z,Not applicable,H,OECD harmonised,2025-12,,98.64891,,A,Normal value,0,Units,2,Two,,
DATAFLOW,OECD.SDD.STES:DSD_STES@DF_CLI(4.1),Composite leading indicators,I,NZL,New Zealand,M,Monthly,CCICP,Composite consumer confidence,IX,Index,_Z,Not applicable,AA,Amplitude adjusted,IX,Index,_Z,Not applicable,H,OECD harmonised,2003-07,,101.3707,,A,Normal value,0,Units,2,Two,,
DATAFLOW,OECD.SDD.STES:DSD_STES@DF_CLI(4.1),Composite leading indicators,I,NZL,New Zealand,M,Monthly,CCICP,Composite consumer confidence,IX,Index,_Z,Not applicable,AA,Amplitude adjusted,IX,Index,_Z,Not applicable,H,OECD harmonised,2003-08,,101.5627,,A,Normal value,0,Units,2,Two,,
DATAFLOW,OECD.SDD.STES:DSD_STES@DF_CLI(4.1),Composite leading indicators,I,NZL,New Zealand,M,Monthly,CCICP,Composite consumer confidence,IX,Index,_Z,Not applicable,AA,Amplitude adjusted,IX,Index,_Z,Not applicable,H,OECD harmonised,2003-09,,101.7268,,A,Normal value,0,Units,2,Two,,
DATAFLOW,OECD.SDD.STES:DSD_STES@DF_CLI(4.1),Composite leading indicators,I,NZL,New Zealand,M,Monthly,CCICP,Composite consumer confidence,IX,Index,_Z,Not applicable,AA,Amplitude adjusted,IX,Index,_Z,Not applicable,H,OECD harmonised,2003-10,,101.8553,,A,Normal value,0,Units,2,Two,,
DATAFLOW,OECD.SDD.STES:DSD_STES@DF_CLI(4.1),Composite leading indicators,I,NZL,New Zealand,M,Monthly,CCICP,Composite consumer confidence,IX,Index,_Z,Not applicable,AA,Amplitude adjusted,IX,Index,_Z,Not applicable,H,OECD harmonised,2003-11,,101.95,,A,Normal value,0,Units,2,Two,,
DATAFLOW,OECD.SDD.STES:DSD_STES@DF_CLI(4.1),Composite leading indicators,I,NZL,New Zealand,M,Monthly,CCICP,Composite consumer confidence,IX,Index,_Z,Not applicable,AA,Amplitude adjusted,IX,Index,_Z,Not applicable,H,OECD harmonised,2003-12,,101.996,,A,Normal value,0,Units,2,Two,,
DATAFLOW,OECD.SDD.STES:DSD_STES@DF_CLI(4.1),Composite leading indicators,I,NZL,New Zealand,M,Monthly,CCICP,Composite consumer confidence,IX,Index,_Z,Not applicable,AA,Amplitude adjusted,IX,Index,_Z,Not applicable,H,OECD harmonised,2004-01,,101.9708,,A,Normal value,0,Units,2,Two,,
DATAFLOW,OECD.SDD.STES:DSD_STES@DF_CLI(4.1),Composite leading indicators,I,NZL,New Zealand,M,Monthly,CCICP,Composite consumer confidence,IX,Index,_Z,Not applicable,AA,Amplitude adjusted,IX,Index,_Z,Not applicable,H,OECD harmonised,2004-02,,101.9008,,A,Normal value,0,Units,2,Two,,
DATAFLOW,OECD.SDD.STES:DSD_STES@DF_CLI(4.1),Composite leading indicators,I,NZL,New Zealand,M,Monthly,CCICP,Composite consumer confidence,IX,Index,_Z,Not applicable,AA,Amplitude adjusted,IX,Index,_Z,Not applicable,H,OECD harmonised,2004-03,,101.8106,,A,Normal value,0,Units,2,Two,,
DATAFLOW,OECD.SDD.STES:DSD_STES@DF_CLI(4.1),Composite leading indicators,I,NZL,New Zealand,M,Monthly,CCICP,Composite consumer confidence,IX,Index,_Z,Not applicable,AA,Amplitude adjusted,IX,Index,_Z,Not applicable,H,OECD harmonised,2004-04,,101.7161,,A,Normal value,0,Units,2,Two,,
DATAFLOW,OECD.SDD.STES:DSD_STES@DF_CLI(4.1),Composite leading indicators,I,NZL,New Zealand,M,Monthly,CCICP,Composite consumer confidence,IX,Index,_Z,Not applicable,AA,Amplitude adjusted,IX,Index,_Z,Not applicable,H,OECD harmonised,2004-05,,101.6391,,A,Normal value,0,Units,2,Two,,
DATAFLOW,OECD.SDD.STES:DSD_STES@DF_CLI(4.1),Composite leading indicators,I,NZL,New Zealand,M,Monthly,CCICP,Composite consumer confidence,IX,Index,_Z,Not applicable,AA,Amplitude adjusted,IX,Index,_Z,Not applicable,H,OECD harmonised,2004-06,,101.6134,,A,Normal value,0,Units,2,Two,,
DATAFLOW,OECD.SDD.STES:DSD_STES@DF_CLI(4.1),Composite leading indicators,I,NZL,New Zealand,M,Monthly,CCICP,Composite consumer confidence,IX,Index,_Z,Not applicable,AA,Amplitude adjusted,IX,Index,_Z,Not applicable,H,OECD harmonised,2004-07,,101.6743,,A,Normal value,0,Units,2,Two,,
DATAFLOW,OECD.SDD.STES:DSD_STES@DF_CLI(4.1),Composite leading indicators,I,NZL,New Zealand,M,Monthly,CCICP,Composite consumer confidence,IX,Index,_Z,Not applicable,AA,Amplitude adjusted,IX,Index,_Z,Not applicable,H,OECD harmonised,2004-08,,101.7964,,A,Normal value,0,Units,2,Two,,
DATAFLOW,OECD.SDD.STES:DSD_STES@DF_CLI(4.1),Composite leading indicators,I,NZL,New Zealand,M,Monthly,CCICP,Composite consumer confidence,IX,Index,_Z,Not applicable,AA,Amplitude adjusted,IX,Index,_Z,Not applicable,H,OECD harmonised,2004-09,,101.9588,,A,Normal value,0,Units,2,Two,,
DATAFLOW,OECD.SDD.STES:DSD_STES@DF_CLI(4.1),Composite leading indicators,I,NZL,New Zealand,M,Monthly,CCICP,Composite consumer confidence,IX,Index,_Z,Not applicable,AA,Amplitude adjusted,IX,Index,_Z,Not applicable,H,OECD harmonised,2004-10,,102.1488,,A,Normal value,0,Units,2,Two,,
DATAFLOW,OECD.SDD.STES:DSD_STES@DF_CLI(4.1),Composite leading indicators,I,NZL,New Zealand,M,Monthly,CCICP,Composite consumer confidence,IX,Index,_Z,Not applicable,AA,Amplitude adjusted,IX,Index,_Z,Not applicable,H,OECD harmonised,2004-11,,102.3255,,A,Normal value,0,Units,2,Two,,
DATAFLOW,OECD.SDD.STES:DSD_STES@DF_CLI(4.1),Composite leading indicators,I,NZL,New Zealand,M,Monthly,CCICP,Composite consumer confidence,IX,Index,_Z,Not applicable,AA,Amplitude adjusted,IX,Index,_Z,Not applicable,H,OECD harmonised,2004-12,,102.4282,,A,Normal value,0,Units,2,Two,,
DATAFLOW,OECD.SDD.STES:DSD_STES@DF_CLI(4.1),Composite leading indicators,I,NZL,New Zealand,M,Monthly,CCICP,Composite consumer confidence,IX,Index,_Z,Not applicable,AA,Amplitude adjusted,IX,Index,_Z,Not applicable,H,OECD harmonised,2005-01,,102.3987,,A,Normal value,0,Units,2,Two,,
DATAFLOW,OECD.SDD.STES:DSD_STES@DF_CLI(4.1),Composite leading indicators,I,NZL,New Zealand,M,Monthly,CCICP,Composite consumer confidence,IX,Index,_Z,Not applicable,AA,Amplitude adjusted,IX,Index,_Z,Not applicable,H,OECD harmonised,2005-02,,102.2764,,A,Normal value,0,Units,2,Two,,
DATAFLOW,OECD.SDD.STES:DSD_STES@DF_CLI(4.1),Composite leading indicators,I,NZL,New Zealand,M,Monthly,CCICP,Composite consumer confidence,IX,Index,_Z,Not applicable,AA,Amplitude adjusted,IX,Index,_Z,Not applicable,H,OECD harmonised,2005-03,,102.0949,,A,Normal value,0,Units,2,Two,,
DATAFLOW,OECD.SDD.STES:DSD_STES@DF_CLI(4.1),Composite leading indicators,I,NZL,New Zealand,M,Monthly,CCICP,Composite consumer confidence,IX,Index,_Z,Not applicable,AA,Amplitude adjusted,IX,Index,_Z,Not applicable,H,OECD harmonised,1993-03,,100.3193,,A,Normal value,0,Units,2,Two,,
DATAFLOW,OECD.SDD.STES:DSD_STES@DF_CLI(4.1),Composite leading indicators,I,NZL,New Zealand,M,Monthly,CCICP,Composite consumer confidence,IX,Index,_Z,Not applicable,AA,Amplitude adjusted,IX,Index,_Z,Not applicable,H,OECD harmonised,1993-04,,100.5524,,A,Normal value,0,Units,2,Two,,
DATAFLOW,OECD.SDD.STES:DSD_STES@DF_CLI(4.1),Composite leading indicators,I,NZL,New Zealand,M,Monthly,CCICP,Composite consumer confidence,IX,Index,_Z,Not applicable,AA,Amplitude adjusted,IX,Index,_Z,Not applicable,H,OECD harmonised,1993-05,,100.8497,,A,Normal value,0,Units,2,Two,,
DATAFLOW,OECD.SDD.STES:DSD_STES@DF_CLI(4.1),Composite leading indicators,I,NZL,New Zealand,M,Monthly,CCICP,Composite consumer confidence,IX,Index,_Z,Not applicable,AA,Amplitude adjusted,IX,Index,_Z,Not applicable,H,OECD harmonised,1993-06,,101.1643,,A,Normal value,0,Units,2,Two,,
DATAFLOW,OECD.SDD.STES:DSD_STES@DF_CLI(4.1),Composite leading indicators,I,NZL,New Zealand,M,Monthly,CCICP,Composite consumer confidence,IX,Index,_Z,Not applicable,AA,Amplitude adjusted,IX,Index,_Z,Not applicable,H,OECD harmonised,1993-07,,101.461,,A,Normal value,0,Units,2,Two,,
